Number	x	y	species	dbh	height
634	61.024	99.056	23	5	0
660	32.046	78.35	23	5	0
663	67.699	77.228	23	5	0
829	39.716	98.782	29	5	0
850	85.551	76.301	29	5	0
865	52.406	66.158	29	5	0
954	39.951	89.676	32	5	0
1219	54.022	71.757	41	5	0
1236	73.02	100.421	44	5	0
1248	1.267	75.188	44	5	0
1255	63.357	67.574	44	5	0
1293	30.136	103.457	48	5	0
1367	50.194	64.7	48	5	0
1547	22.632	108.726	56	5	0
1569	46.998	103.965	56	5	0
1588	57.859	98.373	56	5	0
1610	7.467	89.599	56	5	0
1623	65.886	85.545	56	5	0
1625	36.469	85.042	56	5	0
1627	71.985	84.291	56	5	0
1684	56.461	72.513	56	5	0
1701	11.929	68.998	56	5	0
1716	46.839	65.269	56	5	0
2229	87.242	67.511	61	5	0
2640	58.87	3.42	61	5	0
2920	8.465	81.161	22	5	0
3334	65.872	95.827	79	5	0
6	22.897	31.937	1	5.1	0
594	45.033	24.858	17	5.1	0
666	27.958	75.802	23	5.1	0
754	50.13	3.32	23	5.1	0
770	10.447	7.106	24	5.1	0
936	65.447	43.039	30	5.1	0
969	12.49	3.833	32	5.1	0
1192	18.328	105	39	5.1	0
1240	26.631	91.881	44	5.1	0
1281	63.395	50.986	46	5.1	0
1493	43.066	46.932	52	5.1	0
1564	47.755	104.616	56	5.1	0
1643	20.855	80.679	56	5.1	0
1647	7.191	79.611	56	5.1	0
1824	47.846	29.226	56	5.1	0
2509	8.449	26.381	61	5.1	0
2795	83.963	33.769	62	5.1	0
2938	22.067	84.961	63	5.1	0
3005	79.126	0.253	63	5.1	0
3025	48.361	24.323	64	5.1	0
3146	80.723	17.344	72	5.1	0
3211	27.945	74.211	74	5.1	0
3281	85.861	13.134	74	5.1	0
846	59.262	78.415	29	5.2	0
1202	16.374	53.917	39	5.2	0
1215	88.14	9.095	39	5.2	0
1420	87.89	33.098	48	5.2	0
1630	85.842	83.329	56	5.2	0
1686	28.061	72.289	56	5.2	0
1705	28.726	68.228	56	5.2	0
1754	89.936	47.188	56	5.2	0
1809	43.34	31.294	56	5.2	0
1832	54.111	27.801	56	5.2	0
1870	25.171	21.971	56	5.2	0
2647	5.789	2.349	61	5.2	0
2781	57.596	38.102	62	5.2	0
2807	59.347	30.443	62	5.2	0
2839	79.861	16.747	62	5.2	0
2902	24.228	18.627	22	5.2	0
3001	18.595	4.285	63	5.2	0
3130	82.83	54.85	72	5.2	0
3217	80.033	65.819	74	5.2	0
3232	57.388	55.866	74	5.2	0
63	28.895	99.018	8	5.3	0
250	69.937	68.578	13	5.3	0
635	31.838	98.456	23	5.3	0
638	56.906	97.563	23	5.3	0
661	31.88	78.187	23	5.3	0
699	87.093	57.503	23	5.3	0
836	33.769	89.615	29	5.3	0
1262	22.515	52.386	44	5.3	0
1624	71.104	85.315	56	5.3	0
1649	64.625	79.299	56	5.3	0
1693	32.025	70.89	56	5.3	0
2231	28.481	67.107	61	5.3	0
2965	15.711	64.766	63	5.3	0
2990	35.252	12.548	63	5.3	0
3017	17.453	42.032	64	5.3	0
3138	40.269	40.78	72	5.3	0
3255	0.283	28.619	74	5.3	0
818	65.003	107.271	29	5.4	0
1208	67.38	42.386	39	5.4	0
1406	62.529	42.064	48	5.4	0
1572	63.377	103.386	56	5.4	0
1656	7.667	78.106	56	5.4	0
1690	22.493	71.817	56	5.4	0
2697	0.669	60.058	62	5.4	0
2727	65.159	53.045	62	5.4	0
2731	54.185	50.495	62	5.4	0
2833	11.754	23.136	62	5.4	0
2957	2.335	71.418	63	5.4	0
3015	3.069	46.889	64	5.4	0
3091	10.275	100.926	67	5.4	0
3136	22.251	45.869	72	5.4	0
3202	87.645	80.204	74	5.4	0
3317	52.344	56.253	78	5.4	0
476	60.535	58.915	16	5.5	0
828	5.591	99.492	29	5.5	0
1242	48.84	80.129	44	5.5	0
1261	19.786	57.825	44	5.5	0
1619	39.155	88.014	56	5.5	0
1688	47.356	71.851	56	5.5	0
1749	32.823	49.162	56	5.5	0
1776	77.527	39.063	56	5.5	0
2695	71.292	62.532	62	5.5	0
2813	75.673	29.89	62	5.5	0
2921	25.634	57.959	22	5.5	0
2924	24.627	54.574	22	5.5	0
3034	74.567	8.56	64	5.5	0
3222	39.488	61.204	74	5.5	0
281	76.915	41.811	13	5.6	0
657	81.134	82.432	23	5.6	0
749	19.854	6.088	23	5.6	0
1697	46.304	70.511	56	5.6	0
1830	27.997	28.194	56	5.6	0
2827	7.203	25.765	62	5.6	0
3090	26.488	107.854	67	5.6	0
3351	61.787	55.461	79	5.6	0
511	86.408	52.664	16	5.7	0
592	47.68	37.532	17	5.7	0
612	1.585	87.254	19	5.7	0
626	1.362	107.861	23	5.7	0
652	62.801	86.825	23	5.7	0
831	26.139	94.284	29	5.7	0
832	51.813	93.511	29	5.7	0
844	66.93	82.026	29	5.7	0
935	60.023	51.433	30	5.7	0
968	2.322	5.877	32	5.7	0
971	56.522	106.679	33	5.7	0
1003	65.942	37.187	37	5.7	0
1254	0.324	67.774	44	5.7	0
1354	85.728	71.747	48	5.7	0
1494	8.98	35.174	52	5.7	0
1629	4.298	83.546	56	5.7	0
2716	28.032	56.079	62	5.7	0
2726	58.946	53.078	62	5.7	0
2730	54.745	51.041	62	5.7	0
2856	8.056	9.451	62	5.7	0
2892	36.338	28.562	22	5.7	0
3229	44.396	58.618	74	5.7	0
276	79.946	43.126	13	5.8	0
715	48.857	31.689	23	5.8	0
847	49.435	78.251	29	5.8	0
879	43.626	53.395	29	5.8	0
883	84.708	48.22	29	5.8	0
913	12.131	3.374	29	5.8	0
2680	11.848	77.03	62	5.8	0
2802	82.327	32.617	62	5.8	0
2891	2.839	28.709	22	5.8	0
2925	44.423	48.999	22	5.8	0
3209	60.28	74.536	74	5.8	0
3326	74.652	104.643	79	5.8	0
538	14.316	42.387	16	5.9	0
647	67.762	89.948	23	5.9	0
929	3.19	84.128	30	5.9	0
1394	82.206	50.939	48	5.9	0
1769	30.308	41.621	56	5.9	0
2153	3.901	78.366	61	5.9	0
2665	76.351	106.768	62	5.9	0
2688	14.081	66.928	62	5.9	0
2700	72.385	59.283	62	5.9	0
2712	28.835	56.733	62	5.9	0
2999	30.35	5.514	63	5.9	0
3009	16.78	76.674	64	5.9	0
3119	34.63	51.835	71	5.9	0
3274	88.11	17.083	74	5.9	0
61	47.63	7.333	7	5.996	0
56	77.48	38.238	7	6	0
64	31.074	87.477	8	6	0
669	2.213	73.027	23	6	0
842	69.108	83.953	29	6	0
1198	76.287	64.776	39	6	0
1245	87.466	78.56	44	6	0
1263	0.653	51.116	44	6	0
1500	26.027	51.257	53	6	0
1503	4.144	6.039	53	6	0
1558	3.032	105.594	56	6	0
1668	49.153	76.231	56	6	0
1803	81.122	32.115	56	6	0
2768	60.225	41.786	62	6	0
2779	20.947	38.541	62	6	0
2836	10.702	19.701	62	6	0
3010	83.158	69.406	64	6	0
3031	18.117	13.586	64	6	0
3173	60.439	25.313	73	6	0
57	29.208	26.36	7	6.1	0
640	28.102	94.722	23	6.1	0
720	68.775	27.803	23	6.1	0
822	11.468	104.565	29	6.1	0
1669	19.961	76.128	56	6.1	0
1797	75.822	32.669	56	6.1	0
2723	87.53	55.085	62	6.1	0
2893	35.148	28.272	22	6.1	0
2896	11.329	25.028	22	6.1	0
2906	0.322	14.992	22	6.1	0
693	24.155	48.515	23	6.2	0
764	55.078	45.195	24	6.2	0
947	65.77	48.791	31	6.2	0
962	38.346	55.327	32	6.2	0
1228	72.778	28.429	43	6.2	0
1415	60.221	35.391	48	6.2	0
1600	84.4	94.622	56	6.2	0
1632	18.204	82.633	56	6.2	0
1675	53.219	75.397	56	6.2	0
1759	61.407	45.898	56	6.2	0
1770	9.946	41.185	56	6.2	0
2724	63.833	54.569	62	6.2	0
2751	67.265	45.057	62	6.2	0
2760	67.521	42.856	62	6.2	0
2812	67.814	29.976	62	6.2	0
2900	83.369	20.955	22	6.2	0
2942	26.82	82.877	63	6.2	0
3032	76.49	10.313	64	6.2	0
3277	86.007	14.798	74	6.2	0
686	40.813	59.715	23	6.3	0
771	12.013	21.503	25	6.3	0
925	47.964	88.678	30	6.3	0
1250	34.718	73.622	44	6.3	0
2847	78.964	12.539	62	6.3	0
3266	66.359	21.183	74	6.3	0
3320	3.169	10.631	78	6.3	0
676	78.169	65.38	23	6.4	0
709	36.701	37.604	23	6.4	0
724	0.922	26.032	23	6.4	0
885	34.707	42.005	29	6.4	0
1006	4.875	5.394	37	6.4	0
1163	69.992	18.046	38	6.4	0
1637	11.761	81.647	56	6.4	0
1673	52.839	75.664	56	6.4	0
2753	51.676	44.864	62	6.4	0
2799	53.59	33.063	62	6.4	0
3272	15.272	18.576	74	6.4	0
630	34.434	104.946	23	6.5	0
696	41.784	45.026	23	6.5	0
740	15.074	15.024	23	6.5	0
862	41.871	68.859	29	6.5	0
871	1.969	59.527	29	6.5	0
1209	53.562	41.255	39	6.5	0
1225	51.854	39.593	43	6.5	0
1341	89.247	79.227	48	6.5	0
1663	6.748	77.183	56	6.5	0
1678	32.156	74.684	56	6.5	0
1712	49.238	66.598	56	6.5	0
2764	54.103	42.194	62	6.5	0
2926	38.398	47.838	22	6.5	0
2984	1.296	33.378	63	6.5	0
3329	75.339	98.61	79	6.5	0
3353	42.583	51.87	79	6.5	0
588	78.7	70.841	17	6.6	0
717	0.841	29.831	23	6.6	0
1264	1.248	46.5	44	6.6	0
1376	63.714	61.09	48	6.6	0
1496	59.422	14.306	52	6.6	0
1725	19.927	60.446	56	6.6	0
2905	26.347	15.046	22	6.6	0
735	75.993	17.463	23	6.68	0
176	47.395	33.443	9	6.7	0
623	6.278	109.972	23	6.7	0
633	0.361	100.892	23	6.7	0
646	72.449	90.642	23	6.7	0
1555	25.202	107.212	56	6.7	0
1702	21.572	68.782	56	6.7	0
1735	36.024	57.182	56	6.7	0
1738	35.008	56.722	56	6.7	0
1741	21.064	53.76	56	6.7	0
2707	31.834	57.461	62	6.7	0
2908	2.102	13.715	22	6.7	0
3251	85.738	30.238	74	6.7	0
183	47.744	25.566	9	6.8	0
376	85.118	86.148	16	6.8	0
1241	20.715	81.559	44	6.8	0
1474	70.3	5.092	48	6.8	0
1651	19.442	78.97	56	6.8	0
1657	16.163	78.018	56	6.8	0
1942	67.643	0.715	56	6.8	0
1953	85.54	35.78	57	6.8	0
1955	47.509	67.178	58	6.8	0
2988	68.368	14.879	63	6.8	0
3238	58.944	52.805	74	6.8	0
645	30.554	90.666	23	6.9	0
649	36.436	89.58	23	6.9	0
667	42.17	74.728	23	6.9	0
682	72.908	63.105	23	6.9	0
826	12.357	101.361	29	6.9	0
1585	2.418	98.775	56	6.9	0
2757	51.254	44.18	62	6.9	0
3123	17.745	78.949	72	6.9	0
3206	4.447	77.131	74	6.9	0
368	44.843	93.859	16	7	0
1223	65.612	52.553	43	7	0
1395	84.18	50.832	48	7	0
1681	47.455	74.26	56	7	0
2819	79.136	28.089	62	7	0
556	49.729	39.27	16	7.1	0
1217	88.05	37.669	40	7.1	0
1317	25.741	89.829	48	7.1	0
1423	26.184	31.025	48	7.1	0
1787	32.84	35.433	56	7.1	0
1912	85.302	7.513	56	7.1	0
3183	13.035	7.716	73	7.1	0
3257	88.603	25.611	74	7.1	0
3299	12.868	5.395	74	7.1	0
716	21.042	31.015	23	7.2	0
839	61.894	87.964	29	7.2	0
866	9.543	65.159	29	7.2	0
873	71.907	58.237	29	7.2	0
976	6.551	41.851	35	7.2	0
1212	80.368	33.958	39	7.2	0
2546	88	19.966	61	7.2	0
2758	49.643	44.06	62	7.2	0
2882	42.671	35.173	22	7.2	0
3121	7.453	104.436	72	7.2	0
46	36.399	49.668	6	7.3	0
577	83.378	29.267	16	7.3	0
723	50.52	26.818	23	7.3	0
820	21.478	105.151	29	7.3	0
924	74.548	90.152	30	7.3	0
1727	45.669	59.275	56	7.3	0
2828	85.376	25.534	62	7.3	0
3099	78.045	62.153	67	7.3	0
3227	25.107	60.066	74	7.3	0
642	66.394	94.135	23	7.4	0
821	21.554	104.888	29	7.4	0
1729	32.157	58.036	56	7.4	0
2786	53.911	35.756	62	7.4	0
2808	89.237	30.323	62	7.4	0
2865	51.171	1.163	62	7.4	0
2946	80.338	78.611	63	7.4	0
2971	11.058	57.477	63	7.4	0
3127	19.814	66.182	72	7.4	0
3190	6.843	3.085	73	7.4	0
683	46.965	62.422	23	7.5	0
1365	63.406	65.001	48	7.5	0
1470	51.725	6.776	48	7.5	0
1607	65.143	90.443	56	7.5	0
2805	88.951	31.29	62	7.5	0
2947	73.641	77.847	63	7.5	0
3028	3.301	15.916	64	7.5	0
3357	18.631	37.965	79	7.5	0
164	44.535	44.229	9	7.6	0
1004	83.646	33.5	37	7.6	0
1696	53.255	70.725	56	7.6	0
1762	29.048	43.741	56	7.6	0
2761	55.263	42.659	62	7.6	0
273	83	44.385	13	7.7	0
601	62.802	7.231	17	7.7	0
641	47.762	94.167	23	7.7	0
1244	87.644	78.749	44	7.7	0
1266	44.882	48.228	44	7.7	0
2254	60.626	64.659	61	7.7	0
2756	67.991	44.32	62	7.7	0
3109	52.267	38.72	67	7.7	0
3224	11.276	60.564	74	7.7	0
3269	9.99	19.285	74	7.7	0
631	50.404	102.865	23	7.8	0
1005	4.164	16.506	37	7.8	0
1216	49.667	2.418	39	7.8	0
1218	78.662	35.046	40	7.8	0
1436	70.253	22.78	48	7.8	0
1707	50.149	67.653	56	7.8	0
2759	65.679	43.298	62	7.8	0
2842	13.988	15.806	62	7.8	0
3203	56.338	80.012	74	7.8	0
591	52.193	54.027	17	7.9	0
671	40.22	70.582	23	7.9	0
1501	23.667	46.615	53	7.9	0
2733	57.816	49.935	62	7.9	0
2792	3.748	35.038	62	7.9	0
2793	48.563	34.214	62	7.9	0
3196	83.697	0.845	73	7.9	0
651	42.209	86.928	23	8	0
675	53.599	67.357	23	8	0
1340	89.226	79.346	48	8	0
1443	49.561	19.282	48	8	0
2537	37.377	21.778	61	8	0
2918	26.475	1.292	22	8	0
2927	23.121	45.175	22	8	0
887	68.541	37.094	29	8.1	0
1744	20.013	52.88	56	8.1	0
1853	51.887	23.363	56	8.1	0
1895	75.726	13.323	56	8.1	0
3107	57.656	39.803	67	8.1	0
3228	58.814	58.867	74	8.1	0
678	33.537	64.608	23	8.2	0
730	48.501	21.935	23	8.2	0
1631	25.128	83.137	56	8.2	0
1642	85.122	81.129	56	8.2	0
1956	80.576	108.032	59	8.2	0
2838	10.513	17.963	62	8.2	0
3359	80.359	1.899	79	8.2	0
1304	51.096	99.218	48	8.25	0
627	43.354	107.695	23	8.3	0
703	65.75	50.522	23	8.3	0
1362	22.522	67.436	48	8.3	0
1835	63.633	27.118	56	8.3	0
2550	45.447	19.104	61	8.3	0
2699	33.035	59.331	62	8.3	0
2829	7.92	24.224	62	8.3	0
2972	18.51	57.428	63	8.3	0
517	60.789	48.069	16	8.4	0
628	9.667	106.248	23	8.4	0
884	35.523	43.376	29	8.4	0
1231	55.618	3.323	43	8.4	0
1460	80.48	10.387	48	8.4	0
3008	55.522	86.209	64	8.4	0
3102	86.406	53.704	67	8.4	0
3179	31.192	12.459	73	8.4	0
643	43.788	93.79	23	8.5	0
856	11.666	73.66	29	8.5	0
2967	41.895	63.161	63	8.5	0
3100	85.497	59.05	67	8.5	0
3177	53.786	15.613	73	8.5	0
5	31.702	53.775	1	8.6	0
228	58.158	53.06	11	8.6	0
863	67.342	67.076	29	8.6	0
1692	83.151	71.284	56	8.6	0
2663	77.885	109.64	62	8.6	0
772	6.594	18.957	25	8.8	0
915	61.02	109.724	30	8.8	0
1442	85.205	19.784	48	8.8	0
2743	80.697	46.518	62	8.8	0
3021	5.083	34.802	64	8.8	0
229	57.937	52.844	11	8.9	0
547	64.384	40.58	16	8.9	0
602	42.202	6.28	17	8.9	0
1265	33.527	28.642	44	8.9	0
2740	70.896	47.257	62	8.9	0
2747	63.509	45.492	62	8.9	0
2954	5.617	73.031	63	8.9	0
589	85.296	63.648	17	9	0
691	37.806	51.703	23	9	0
1251	34.602	73.28	44	9	0
1316	87.391	90.912	48	9	0
1377	84.691	61.045	48	9	0
1639	71.571	81.23	56	9	0
3113	30.474	1.052	68	9	0
3124	77.267	76.871	72	9	0
3308	46.812	76.015	75	9	0
697	30.529	40.195	23	9.1	0
1201	31.921	54	39	9.1	0
1221	15.83	15.125	41	9.1	0
1485	85.636	9.607	49	9.1	0
2785	56.255	35.876	62	9.1	0
515	79.952	49.182	16	9.2	0
755	73.675	2.186	23	9.2	0
835	11.477	89.831	29	9.2	0
1298	39.982	102.571	48	9.2	0
1758	36.854	46.017	56	9.2	0
1874	55.091	21.343	56	9.2	0
1938	57	1.458	56	9.2	0
2304	43.338	57.929	61	9.2	0
3321	37.696	109.489	79	9.3	0
656	29.91	82.818	23	9.4	0
746	28.782	12.723	23	9.4	0
1210	53.934	40.073	39	9.4	0
1352	16.763	72.823	48	9.4	0
2243	7.897	65.382	61	9.4	0
3236	87.847	53.399	74	9.4	0
1199	1.075	61.105	39	9.5	0
1922	31.593	3.963	56	9.5	0
1959	71.676	18.464	59	9.5	0
2894	27.068	28.152	22	9.5	0
2899	40.101	22.641	22	9.5	0
3339	79.023	91.014	79	9.5	0
597	32.851	14.408	17	9.6	0
1382	65.652	57.244	48	9.6	0
2959	2.568	71.225	63	9.6	0
2157	80.155	78.019	61	9.7	0
2406	7.657	43.646	61	9.7	0
382	73.34	82.329	16	9.8	0
469	29.874	60.078	16	9.8	0
1319	57.662	88.747	48	9.8	0
1391	68.277	53.153	48	9.8	0
1545	32.004	108.915	56	9.8	0
2749	59.167	45.171	62	9.8	0
3191	85.368	2.907	73	9.8	0
3344	34.246	80.013	79	9.8	0
1196	32.808	74.809	39	9.9	0
1397	70.178	49.993	48	9.9	0
2783	82.043	36.84	62	9.9	0
688	12.984	57.775	23	10	0
908	45.589	10.108	29	10	0
1237	77.673	99.752	44	10	0
2952	71.297	74.578	63	10	0
3011	25.224	68.089	64	10	0
653	32.812	86.798	23	10.1	0
869	82.794	63.947	29	10.1	0
1450	84.174	15.746	48	10.1	0
1730	4.44	57.829	56	10.1	0
2878	54.599	50.433	22	10.1	0
3101	84.505	58.173	67	10.1	0
910	55.841	3.968	29	10.2	0
1331	44.572	83.372	48	10.2	0
3291	16.26	8.788	74	10.2	0
892	70.725	29.864	29	10.3	0
1309	37.209	96.829	48	10.3	0
1335	49.346	81.437	48	10.3	0
1375	32.161	61.363	48	10.3	0
1389	0.514	54.434	48	10.3	0
1628	1.584	83.569	56	10.4	0
2885	3.715	31.407	22	10.4	0
215	38.204	93.16	11	10.5	0
315	53.006	10.445	59	10.5	0
1353	78.599	72.65	48	10.5	0
1386	32.56	55.288	48	10.5	0
1742	40.642	53.237	56	10.5	0
3189	86.626	3.226	73	10.5	0
207	41.781	29.532	10	10.6	0
1356	27.239	70.153	48	10.7	0
3282	26.928	12.786	74	10.7	0
1507	74.659	8.018	54	10.8	0
3092	89.558	97.73	67	10.8	0
1296	30.238	103.145	48	10.9	0
1325	79.826	85.78	48	10.9	0
1383	60.315	56.845	48	10.9	0
870	34.99	60.766	29	11	0
1333	70.753	82.642	48	11	0
1374	68.329	61.597	48	11	0
3354	24.188	50.851	79	11	0
1301	36.269	100.78	48	11.1	0
2633	89.159	4.76	61	11.1	0
1480	59.793	0.33	48	11.2	0
1667	45.255	76.38	56	11.2	0
1475	46.285	4.086	48	11.3	0
2437	79.4	38.806	61	11.3	0
1357	47.94	69.596	48	11.4	0
1435	14.916	23.483	48	11.4	0
1499	25.805	51.673	53	11.4	0
3108	58.788	39.442	67	11.4	0
889	62.201	34.475	29	11.5	0
1345	34.482	75.489	48	11.5	0
1466	46.509	9.054	48	11.5	0
2997	36.208	6.719	63	11.5	0
1388	0.673	54.7	48	11.6	0
1740	40.134	55.027	56	11.6	0
2547	71.696	19.577	61	11.6	0
3093	70.375	91.424	67	11.6	0
599	48.8	10.416	17	11.7	0
894	31.851	28.685	29	11.7	0
945	59.013	59.417	31	11.7	0
2653	84.47	1.678	61	11.7	0
1203	82.979	53.22	39	11.8	0
1288	83.433	107.884	48	11.8	0
3358	61.296	8.567	79	11.9	0
216	63.651	70.019	11	12	0
943	67.491	70.221	31	12	0
3347	81.805	67.023	79	12	0
713	77.848	32.41	23	12.1	0
1410	8.27	40.03	48	12.1	0
2475	53.763	32.202	61	12.1	0
3254	80.858	29.595	74	12.1	0
2596	49.124	11.248	61	12.2	0
1348	23.282	74.654	48	12.3	0
2195	11.48	72.463	61	12.3	0
3356	21.88	46.177	79	12.3	0
621	53.903	21.934	19	12.4	0
1393	71.819	51.088	48	12.4	0
1873	28.791	21.506	56	12.4	0
2644	60.763	2.796	61	12.4	0
1441	35.979	19.99	48	12.5	0
1468	15.628	6.917	48	12.5	0
2681	58.871	72.536	62	12.5	0
3003	43.85	2.041	63	12.5	0
3214	33.442	71.285	74	12.5	0
736	6.185	16.966	23	12.6	0
1349	82.105	74.511	48	12.7	0
2246	45.533	65.09	61	12.7	0
2407	87.529	43.57	61	12.7	0
2613	14.295	8.682	61	12.7	0
1308	17.232	97.339	48	12.8	0
1416	40.691	35.092	48	12.8	0
2354	16.872	51.814	61	12.9	0
2636	70.346	4.428	61	12.9	0
650	2.981	87.349	23	13	0
1371	59.933	62.087	48	13	0
1398	50.601	46.934	48	13	0
2482	85.336	31.256	61	13	0
3342	58.207	82.892	79	13	0
1426	86.887	28.678	48	13.1	0
3304	66.24	4.188	74	13.1	0
2298	48.902	59.141	61	13.2	0
2413	84.482	42.352	61	13.2	0
2435	87.468	38.971	61	13.2	0
2553	86.435	18.697	61	13.2	0
2641	67.075	3.284	61	13.2	0
3094	7.425	90.128	67	13.2	0
598	32.426	14.372	17	13.3	0
733	17.022	18.767	23	13.3	0
1343	1.653	77.152	48	13.3	0
3350	73.517	57.777	79	13.3	0
681	18.926	63.391	23	13.4	0
694	13.836	48.006	23	13.4	0
1289	12.861	107.721	48	13.5	0
1320	51.542	88.341	48	13.5	0
1390	79.278	53.498	48	13.5	0
1472	60.004	5.389	48	13.5	0
1477	15.635	2.048	48	13.5	0
2380	29.972	47.481	61	13.5	0
2441	66.315	38.124	61	13.5	0
906	66.632	10.7	29	13.6	0
914	12.205	2.983	29	13.6	0
1253	39.017	68.004	44	13.6	0
2453	71.248	36.141	61	13.6	0
1366	66.975	64.952	48	13.7	0
1425	5.18	29.945	48	13.7	0
2174	38.764	75.684	61	13.7	0
2523	18.411	24.514	61	13.7	0
1347	63.582	74.729	48	13.8	0
1626	36.975	84.417	56	13.8	0
2440	77.38	38.318	61	13.8	0
3112	50.551	5.136	68	13.8	0
876	10.661	55.997	29	13.9	0
944	59.128	59.629	31	13.9	0
2329	57.75	54.849	61	13.9	0
1305	46.074	99.154	48	14	0
1342	61.135	78.738	48	14	0
2342	27.904	52.643	61	14	0
712	35.809	33.07	23	14.1	0
1230	18.795	5.698	43	14.1	0
2484	40.012	31.071	61	14.1	0
2600	66.574	10.509	61	14.1	0
2605	76.836	9.605	61	14.1	0
2623	88.908	6.51	61	14.1	0
2643	75.89	2.805	61	14.1	0
1453	64.247	13.728	48	14.2	0
1779	63.552	37.153	56	14.2	0
1822	16.292	29.529	56	14.2	0
2281	22	61.403	61	14.2	0
2349	84.679	52.349	61	14.2	0
2535	72.288	22.004	61	14.2	0
2980	17.746	40.029	63	14.2	0
2375	17.087	48.516	61	14.3	0
2591	77.435	11.927	61	14.3	0
2922	48.83	57.084	22	14.3	0
1332	13.902	83.161	48	14.4	0
1700	29.565	69.62	56	14.4	0
2398	68.367	44.75	61	14.4	0
590	82.185	61.497	17	14.5	0
2115	62.121	85.304	61	14.5	0
2478	81.858	31.802	61	14.5	0
2573	72.216	14.893	61	14.5	0
3331	40.639	97.274	79	14.5	0
595	2.674	23.061	17	14.6	0
2522	81.545	24.703	61	14.6	0
729	61.777	22.105	23	14.7	0
2335	78.166	53.843	61	14.7	0
2378	53.606	47.958	61	14.7	0
2602	75.177	10.378	61	14.7	0
2923	39.252	56.871	22	14.7	0
3340	84.027	90.306	79	14.7	0
920	84.192	105.449	30	14.8	0
1291	38.281	106.543	48	14.8	0
1478	21.033	1.522	48	14.8	0
2584	74.02	13.083	61	14.8	0
2646	78.339	2.573	61	14.8	0
3323	58.074	106.377	79	14.8	0
1685	40.125	72.47	56	14.9	0
2501	84.84	28.42	61	14.9	0
1364	43.947	65.869	48	15	0
2129	57.345	82.58	61	15	0
2176	65.311	75.042	61	15	0
2240	36.462	66.164	61	15	0
2397	85.183	45.425	61	15	0
2599	59.14	10.513	61	15	0
2656	37.541	0.928	61	15	0
3302	12.546	5.106	74	15	0
3355	41.504	50.602	79	15	0
593	4.711	27.958	17	15.1	0
1434	86.168	23.905	48	15.1	0
2163	78.654	76.905	61	15.1	0
2430	67.969	39.709	61	15.1	0
2492	80.031	29.444	61	15.1	0
2502	33.956	27.924	61	15.1	0
903	61.136	15.27	29	15.2	0
2070	8.242	92.279	61	15.2	0
2444	75.122	37.936	61	15.2	0
2487	76.911	30.269	61	15.2	0
1300	67.376	101.485	48	15.3	0
2655	77.75	1.172	61	15.3	0
1402	47.096	45.068	48	15.4	0
2216	7.713	69.566	61	15.4	0
2288	8.92	60.609	61	15.4	0
2358	21.519	50.975	61	15.4	0
2490	86.644	30.081	61	15.4	0
3147	32.824	9.481	72	15.4	0
1350	30.701	73.4	48	15.5	0
2291	30.161	60.238	61	15.5	0
2309	17.685	57.502	61	15.5	0
3338	33.662	91.129	79	15.5	0
2394	25.957	46.021	61	15.6	0
2545	28.656	20.222	61	15.6	0
2875	52.418	55.869	22	15.6	0
3309	41.094	64.255	75	15.6	0
3349	81.297	59.263	79	15.6	0
710	22.762	35.362	23	15.7	0
1991	84.461	105.047	61	15.7	0
2184	7.077	73.898	61	15.7	0
2296	78.134	59.185	61	15.7	0
2468	85.765	33.84	61	15.7	0
855	88.353	73.891	29	15.8	0
1359	75.591	68.944	48	15.8	0
2159	15.447	77.997	61	15.8	0
2554	69.487	18.56	61	15.8	0
2577	86.734	14.119	61	15.8	0
648	15.804	89.855	23	15.9	0
1205	59.243	52.509	39	15.9	0
2265	62.587	63.255	61	15.9	0
2632	17.067	4.879	61	15.9	0
3115	15.608	83.448	69	15.9	0
3215	28.426	70.991	74	15.9	0
875	11.015	56.078	29	16	0
1399	10.805	46.869	48	16	0
1461	62.498	9.71	48	16	0
2270	16.326	62.085	61	16	0
2273	78.663	61.867	61	16	0
2516	32.206	25.624	61	16	0
2575	60.162	14.772	61	16	0
2322	59.488	55.933	61	16.1	0
2400	54.815	44.347	61	16.1	0
2476	77.426	32.077	61	16.1	0
3142	54.363	23.872	72	16.1	0
3253	22.76	29.684	74	16.1	0
1299	24.38	102.176	48	16.2	0
1411	61.111	39.057	48	16.2	0
1479	36.658	1.41	48	16.2	0
2299	58.955	59.031	61	16.2	0
2317	79.503	56.466	61	16.2	0
2595	72.092	11.589	61	16.2	0
2660	75.923	0.541	61	16.2	0
3316	54.608	58.932	78	16.2	0
3343	11.912	80.529	79	16.2	0
859	43.052	70.626	29	16.3	0
1437	76.502	22.333	48	16.3	0
1465	26.675	9.302	48	16.3	0
2055	35.895	95.461	61	16.3	0
1363	71.602	66.178	48	16.4	0
2132	48.489	82.114	61	16.4	0
2255	3.999	64.638	61	16.4	0
2443	20.93	38.039	61	16.4	0
2519	61.707	25.287	61	16.4	0
2010	6.656	101.695	61	16.5	0
1414	75.187	35.503	48	16.6	0
2336	65.112	53.77	61	16.6	0
2611	87.874	8.965	61	16.6	0
1292	85.404	104.454	48	16.7	0
1361	17.775	67.89	48	16.7	0
1387	17.696	54.939	48	16.7	0
2110	68.889	85.839	61	16.7	0
2266	11.567	62.982	61	16.7	0
2411	62.055	43.019	61	16.7	0
2617	86.865	7.628	61	16.7	0
1294	61.155	103.314	48	16.8	0
1412	12.086	38.716	48	16.8	0
2188	11.079	73.623	61	16.8	0
2258	73.345	64.49	61	16.8	0
2416	24.89	41.938	61	16.8	0
2606	84.847	9.498	61	16.8	0
1413	44.655	36.654	48	16.9	0
1785	71.902	35.695	56	16.9	0
2521	75.264	25.064	61	16.9	0
2593	7.371	11.775	61	16.9	0
1368	88.468	64.044	48	17	0
2099	53.424	87.63	61	17	0
2248	89.725	65.031	61	17	0
2282	62.096	61.371	61	17	0
2320	23.879	56.043	61	17	0
2333	15.602	54.173	61	17	0
1976	28.262	108.416	61	17.1	0
2569	80.376	15.731	61	17.1	0
3298	68.417	5.695	74	17.1	0
1312	71.609	94.881	48	17.2	0
2156	4.985	78.13	61	17.2	0
2383	62.743	47.427	61	17.2	0
901	78.136	22.699	29	17.3	0
2024	44.615	99.655	61	17.3	0
2364	24.44	49.69	61	17.3	0
2401	63.371	44.194	61	17.3	0
2526	88.337	24.272	61	17.3	0
2583	56.849	13.168	61	17.3	0
2858	14.969	9.203	62	17.3	0
1355	12.671	70.822	48	17.4	0
2658	65.012	0.623	61	17.4	0
2662	49.112	0.274	61	17.4	0
1720	5.6	63.221	56	17.5	0
2031	8.381	98.484	61	17.5	0
2219	76.592	69.09	61	17.5	0
2232	84.877	67.089	61	17.5	0
2494	82.682	29.091	61	17.5	0
2497	78.095	28.734	61	17.5	0
2558	49.466	17.909	61	17.5	0
1418	16.689	34.334	48	17.6	0
2120	4.371	84.347	61	17.6	0
2235	62.581	66.766	61	17.6	0
2306	11.583	57.789	61	17.6	0
2638	52.487	4.133	61	17.6	0
1322	83.229	88.006	48	17.7	0
1971	19.53	109.025	61	17.7	0
2162	12.171	77.133	61	17.7	0
2528	46.421	23.8	61	17.7	0
2574	84.925	14.877	61	17.7	0
2631	75.342	5.417	61	17.7	0
3096	79.393	80.406	67	17.7	0
2185	61.947	73.793	61	17.8	0
2237	9.945	66.46	61	17.8	0
2385	81.884	47.179	61	17.8	0
2425	80.254	40.658	61	17.8	0
2442	70.988	38.08	61	17.8	0
2500	17.969	28.56	61	17.8	0
2586	54.364	12.232	61	17.8	0
2590	87.209	12.016	61	17.8	0
1327	58.738	84.611	48	17.9	0
1459	88.373	10.534	48	17.9	0
2373	60.179	48.569	61	17.9	0
2438	53.437	38.665	61	17.9	0
1346	87.713	75.037	48	18	0
1400	28.112	46.265	48	18	0
1439	52.549	20.654	48	18	0
1457	83.267	11.466	48	18	0
1993	0.621	105.017	61	18	0
2204	69.56	72.02	61	18	0
2346	59.899	52.406	61	18	0
2404	59.056	43.891	61	18	0
2560	47.359	17.765	61	18	0
2622	7.69	6.601	61	18	0
3336	55.045	93.957	79	18	0
1384	53.791	55.947	48	18.1	0
2271	82.904	62.032	61	18.1	0
2301	67.752	58.76	61	18.1	0
2396	52.776	45.435	61	18.1	0
2470	48.186	33.602	61	18.1	0
2506	89.875	27.473	61	18.1	0
2508	77.092	26.667	61	18.1	0
891	24.699	30.13	29	18.2	0
1307	11.561	97.86	48	18.2	0
2321	45.55	55.986	61	18.2	0
2390	44.576	46.318	61	18.2	0
2391	60.06	46.308	61	18.2	0
2533	54.401	22.729	61	18.2	0
2376	36.912	48.457	61	18.3	0
2426	82.003	40.146	61	18.3	0
2469	71.48	33.806	61	18.3	0
2524	72.517	24.418	61	18.3	0
2621	73.64	6.605	61	18.3	0
2645	62.61	2.68	61	18.3	0
1360	9.503	68.082	48	18.4	0
2344	33.543	52.471	61	18.4	0
2361	78.476	50.511	61	18.4	0
2420	64.185	41.182	61	18.4	0
2456	65.602	35.897	61	18.4	0
2462	82.148	34.78	61	18.4	0
2659	19.148	0.603	61	18.4	0
3324	44.216	105.908	79	18.4	0
737	30.703	16.732	23	18.5	0
1372	38.156	62.028	48	18.5	0
2187	54.084	73.786	61	18.5	0
2249	27.716	65.018	61	18.5	0
2347	0.739	52.386	61	18.5	0
2431	72.39	39.665	61	18.5	0
2488	55.026	30.256	61	18.5	0
2491	36.999	29.917	61	18.5	0
2536	78.557	21.995	61	18.5	0
3117	60.125	54.476	70	18.5	0
2213	83.149	70.195	61	18.6	0
2297	73.142	59.167	61	18.6	0
2471	28.162	33.376	61	18.6	0
2128	69.899	82.668	61	18.7	0
2374	71.61	48.539	61	18.7	0
2576	31.194	14.772	61	18.7	0
9	39.655	19.568	2	18.8	0
39	38.257	31.619	5	18.8	0
1430	20.25	26.208	48	18.8	0
1986	51.6	106.178	61	18.8	0
2064	28.116	93.658	61	18.8	0
2076	10.79	91.624	61	18.8	0
2190	79.185	73.497	61	18.8	0
2220	44.411	69.027	61	18.8	0
2414	28.565	42.342	61	18.8	0
2419	76.828	41.474	61	18.8	0
2439	49.914	38.371	61	18.8	0
2504	87.727	27.604	61	18.8	0
2578	77.575	14.058	61	18.8	0
2614	47.522	8.108	61	18.8	0
3315	86.715	101.558	78	18.8	0
1440	69.18	20.155	48	18.9	0
2343	62.404	52.63	61	18.9	0
2351	80.695	52.268	61	18.9	0
2642	54.577	3.155	61	18.9	0
679	28.849	63.707	23	19	0
1385	17.814	55.314	48	19	0
2127	54.98	83.086	61	19	0
2137	51.005	81.78	61	19	0
2161	27.145	77.577	61	19	0
2207	53.554	71.133	61	19	0
2314	8.325	56.988	61	19	0
2327	53.379	55.019	61	19	0
2459	61.452	35.482	61	19	0
2515	83.244	25.629	61	19	0
2532	62.058	23.191	61	19	0
2570	50.034	15.639	61	19	0
3348	79.089	64.075	79	19	0
2068	43.45	92.821	61	19.1	0
2245	42.336	65.131	61	19.1	0
2432	65.08	39.523	61	19.1	0
2557	80.895	18.231	61	19.1	0
2609	72.171	9.136	61	19.1	0
898	52.291	25.772	29	19.2	0
1269	32.207	21.159	44	19.2	0
1403	8.576	45.052	48	19.2	0
1405	27.891	42.468	48	19.2	0
2339	88.972	53.277	61	19.2	0
975	62.496	76.666	35	19.3	0
2122	11.558	83.77	61	19.3	0
2221	72.218	69.004	61	19.3	0
2352	73.807	52.255	61	19.3	0
2357	55.762	51.151	61	19.3	0
2637	73.592	4.262	61	19.3	0
1431	24.666	25.861	48	19.4	0
1483	9.553	73.274	49	19.4	0
2284	47.406	61.239	61	19.4	0
2389	33.058	46.684	61	19.4	0
2450	84.004	36.634	61	19.4	0
2549	50.804	19.358	61	19.4	0
1297	88.781	103.005	48	19.5	0
1315	4.539	92.823	48	19.5	0
2069	0.563	92.434	61	19.5	0
2139	13.603	81.312	61	19.5	0
2145	17.626	80.274	61	19.5	0
2303	62.384	58.445	61	19.5	0
2402	77.419	44.064	61	19.5	0
2034	4.677	98.362	61	19.6	0
2379	86.253	47.507	61	19.6	0
2433	74.798	39.338	61	19.6	0
2505	63.916	27.547	61	19.6	0
596	45.725	21.555	17	19.7	0
1310	76.318	96.6	48	19.7	0
1378	28.171	59.228	48	19.7	0
1404	12.829	42.754	48	19.7	0
2130	29.391	82.34	61	19.7	0
2177	77.842	75.013	61	19.7	0
2182	63.711	74.093	61	19.7	0
2211	80.763	70.589	61	19.7	0
2250	81.293	64.951	61	19.7	0
2408	67.122	43.428	61	19.7	0
2467	51.92	33.847	61	19.7	0
2477	61.825	32.024	61	19.7	0
2598	25.982	10.805	61	19.7	0
3337	75.911	91.823	79	19.7	0
603	70.659	6.005	17	19.8	0
1428	16.375	26.864	48	19.8	0
1464	22.782	9.421	48	19.8	0
2325	82.714	55.37	61	19.8	0
2455	48.206	35.943	61	19.8	0
2510	29.732	26.366	61	19.8	0
2514	54.889	26.118	61	19.8	0
2529	67.692	23.494	61	19.8	0
2556	11.705	18.25	61	19.8	0
2639	41.459	3.939	61	19.8	0
2650	68.316	2.2	61	19.8	0
3213	68.082	72.174	74	19.8	0
2045	1.647	96.913	61	19.9	0
2367	82.149	49.453	61	19.9	0
2368	51.011	49.348	61	19.9	0
664	33.724	76.962	23	20	0
1295	5.04	103.266	48	20	0
1454	38.841	13.517	48	20	0
2100	80.211	87.33	61	20	0
2101	6.063	87.315	61	20	0
2116	53.407	84.91	61	20	0
2173	8.543	75.692	61	20	0
2251	65.371	64.931	61	20	0
2345	22.304	52.447	61	20	0
2369	36.372	49.324	61	20	0
2608	10.509	9.293	61	20	0
728	18.734	22.208	23	20.1	0
1229	49.226	12.033	43	20.1	0
1452	19.89	14.174	48	20.1	0
2089	12.961	89.339	61	20.1	0
2372	65.084	48.586	61	20.1	0
2384	79.55	47.188	61	20.1	0
2541	88.258	20.845	61	20.1	0
1302	83.653	100.714	48	20.2	0
1958	47.118	34.797	59	20.2	0
2191	15.887	73.409	61	20.2	0
2278	85.183	61.54	61	20.2	0
2311	89.393	57.154	61	20.2	0
2486	72.268	30.598	61	20.2	0
2512	81.533	26.271	61	20.2	0
3310	31.776	54.852	75	20.2	0
1321	21.139	88.071	48	20.3	0
1336	4.384	79.997	48	20.3	0
1444	12.197	19.021	48	20.3	0
2008	42.38	102.148	61	20.3	0
2114	30.691	85.455	61	20.3	0
2152	40.929	79.133	61	20.3	0
2371	57.65	49.109	61	20.3	0
2464	87.36	34.602	61	20.3	0
2564	65.219	16.222	61	20.3	0
2436	3.967	38.844	61	20.4	0
2447	54.555	37.499	61	20.4	0
2544	19.135	20.409	61	20.4	0
2587	51.531	12.175	61	20.4	0
2652	41.037	1.694	61	20.4	0
1306	80.203	98.083	48	20.5	0
2015	39.182	101.322	61	20.5	0
2131	60.055	82.231	61	20.5	0
2205	16.933	71.722	61	20.5	0
2226	79.734	68.015	61	20.5	0
2272	26.389	62.016	61	20.5	0
2338	41.081	53.484	61	20.5	0
2539	84.856	21.737	61	20.5	0
2551	82.692	19.039	61	20.5	0
2610	62.424	9.083	61	20.5	0
2169	80.835	75.853	61	20.6	0
2277	37.613	61.604	61	20.6	0
2628	40.848	5.956	61	20.6	0
2661	73.864	0.297	61	20.6	0
2228	14.172	67.669	61	20.7	0
2239	87.121	66.196	61	20.7	0
2313	57.379	57.03	61	20.7	0
2428	13.172	39.765	61	20.7	0
2448	25.561	37.328	61	20.7	0
2527	70.265	24.017	61	20.7	0
2566	27.949	15.909	61	20.7	0
3325	11.412	105.811	79	20.7	0
3341	37.714	83.589	79	20.7	0
619	75.547	40.447	19	20.8	0
1408	45.954	40.818	48	20.8	0
2105	57.898	86.874	61	20.8	0
2323	65.921	55.77	61	20.8	0
2465	19.932	34.239	61	20.8	0
2517	9.422	25.467	61	20.8	0
2548	8.033	19.446	61	20.8	0
2604	70.235	9.821	61	20.8	0
2620	78.726	6.897	61	20.8	0
708	24.547	38.33	23	20.9	0
732	7.381	20.73	23	20.9	0
2603	79.856	10.148	61	20.9	0
2627	51.173	6.158	61	20.9	0
1311	8.846	95.64	48	21	0
1379	17.643	59.146	48	21	0
1984	45.224	106.28	61	21	0
2209	4.875	70.62	61	21	0
2324	73.639	55.605	61	21	0
2341	30.96	52.874	61	21	0
2399	35.555	44.562	61	21	0
2429	29.833	39.749	61	21	0
2479	14.57	31.573	61	21	0
2619	89.876	7.151	61	21	0
690	12.382	53.323	23	21.1	0
2534	50.179	22.588	61	21.1	0
2594	41.662	11.611	61	21.1	0
2023	25.551	99.897	61	21.2	0
2171	2.786	75.779	61	21.2	0
2175	28.899	75.179	61	21.2	0
2230	33.326	67.497	61	21.2	0
2412	48.605	42.82	61	21.2	0
2520	86.239	25.074	61	21.2	0
2559	57.962	17.828	61	21.2	0
752	23.904	4.628	23	21.3	0
1334	9.803	82.487	48	21.3	0
1451	41.378	15.245	48	21.3	0
1471	3.507	6.397	48	21.3	0
1491	17.308	31.979	51	21.3	0
1967	79.207	109.974	61	21.3	0
2109	34.199	86.394	61	21.3	0
2136	6.759	81.837	61	21.3	0
2151	70.204	79.182	61	21.3	0
2403	82.086	44.035	61	21.3	0
2409	2.42	43.428	61	21.3	0
3319	88.932	32.045	78	21.3	0
2210	47.678	70.618	61	21.4	0
2381	76.914	47.442	61	21.4	0
2395	56.028	45.985	61	21.4	0
2405	70.828	43.744	61	21.4	0
2530	82.759	23.289	61	21.4	0
1324	88.418	86.578	48	21.5	0
1424	73.429	30.991	48	21.5	0
2206	58.478	71.157	61	21.5	0
2244	76.834	65.181	61	21.5	0
2305	26.498	57.809	61	21.5	0
2418	8.413	41.646	61	21.5	0
2571	70.505	15.595	61	21.5	0
2589	62.56	12.027	61	21.5	0
2616	34.887	7.743	61	21.5	0
587	6.038	94.459	17	21.6	0
1960	14.433	0.271	59	21.6	0
2193	81.503	73.008	61	21.6	0
2290	13.738	60.374	61	21.6	0
2460	76.706	35.048	61	21.6	0
2189	25.822	73.543	61	21.7	0
2427	33.231	39.814	61	21.7	0
1313	33.636	94.091	48	21.8	0
1381	82.64	58.22	48	21.8	0
1421	12.103	32.862	48	21.8	0
1449	34.883	15.86	48	21.8	0
2022	1.816	100.059	61	21.8	0
2088	56.371	89.401	61	21.8	0
2155	83.075	78.154	61	21.8	0
2201	88.064	72.201	61	21.8	0
2286	71.642	61.041	61	21.8	0
2445	81.039	37.864	61	21.8	0
1458	33.399	11.425	48	21.9	0
1462	5.904	9.675	48	21.9	0
2280	76.518	61.51	61	21.9	0
2542	75.273	20.843	61	21.9	0
1326	48.098	85.282	48	22	0
1995	62.396	104.804	61	22	0
2018	31.436	100.385	61	22	0
2124	42.057	83.675	61	22	0
2144	22.578	80.307	61	22	0
2194	36.152	72.763	61	22	0
2259	39.375	64.278	61	22	0
2310	29.508	57.427	61	22	0
2449	33.479	37.28	61	22	0
2649	10.765	2.207	61	22	0
1997	24.573	104.102	61	22.1	0
2025	39.247	99.648	61	22.1	0
2200	22.843	72.236	61	22.1	0
2382	69.321	47.432	61	22.1	0
2552	54.515	18.745	61	22.1	0
2581	23.693	13.612	61	22.1	0
2585	69.001	12.447	61	22.1	0
1447	20.808	17.798	48	22.2	0
2198	84.243	72.282	61	22.2	0
2340	67.279	53.212	61	22.2	0
2463	59.152	34.66	61	22.2	0
2474	32.028	32.759	61	22.2	0
2657	89.113	0.735	61	22.2	0
3110	16.552	4.963	67	22.2	0
2014	29.355	101.338	61	22.3	0
2252	31.33	64.922	61	22.3	0
2287	58.325	61.02	61	22.3	0
2331	85.371	54.589	61	22.3	0
2458	68.358	35.522	61	22.3	0
2538	66.688	21.748	61	22.3	0
2601	3.833	10.475	61	22.3	0
2118	79.059	84.842	61	22.4	0
2293	3.198	59.834	61	22.4	0
2580	18.656	13.769	61	22.4	0
2626	62.696	6.328	61	22.4	0
1980	77.134	107.394	61	22.5	0
1990	58.488	105.207	61	22.5	0
2043	23.498	97.12	61	22.5	0
2080	86.317	90.779	61	22.5	0
2094	60.832	88.681	61	22.5	0
2307	75.535	57.783	61	22.5	0
2308	85.914	57.669	61	22.5	0
2330	27.899	54.831	61	22.5	0
2417	37.063	41.926	61	22.5	0
2630	58.564	5.552	61	22.5	0
2197	31.188	72.311	61	22.6	0
2269	51.116	62.448	61	22.6	0
2410	19.778	43.058	61	22.6	0
2415	42.915	42.202	61	22.6	0
2473	4.468	32.81	61	22.6	0
2582	59.005	13.403	61	22.6	0
2032	19.724	98.419	61	22.7	0
2040	12.793	97.264	61	22.7	0
1344	39.259	77	48	22.8	0
2085	22.547	89.755	61	22.8	0
2334	76.047	53.963	61	22.8	0
2422	57.327	40.939	61	22.8	0
2452	37.355	36.218	61	22.8	0
2567	52.232	15.824	61	22.8	0
2337	39.595	53.49	61	22.9	0
2359	66.783	50.942	61	22.9	0
2360	30.152	50.681	61	22.9	0
3105	44.896	46.722	67	22.9	0
2003	31.986	103.081	61	23	0
2039	75.65	97.568	61	23	0
2056	78.403	95.239	61	23	0
2086	7.828	89.592	61	23	0
2125	19.573	83.198	61	23	0
2165	21.06	76.726	61	23	0
2234	0.205	66.952	61	23	0
2312	68.307	57.122	61	23	0
2319	63.065	56.116	61	23	0
1329	74.815	84.268	48	23.1	0
1476	27.831	3.938	48	23.1	0
2356	70.212	51.214	61	23.1	0
2563	75.935	16.59	61	23.1	0
2651	57.474	1.867	61	23.1	0
1339	25.318	79.529	48	23.2	0
1978	48.988	107.726	61	23.2	0
680	10.322	63.481	23	23.3	0
2001	49.553	103.31	61	23.3	0
2203	0.544	72.041	61	23.3	0
2233	52.085	66.997	61	23.3	0
2033	15.929	98.367	61	23.4	0
2067	67.222	93.007	61	23.4	0
2489	28.579	30.193	61	23.4	0
2607	17.481	9.324	61	23.4	0
1982	22.782	106.816	61	23.5	0
2038	63.217	97.6	61	23.5	0
2050	65.801	96.127	61	23.5	0
2166	88.306	76.316	61	23.5	0
2635	43.893	4.477	61	23.5	0
2562	15.385	16.775	61	23.6	0
1407	0.648	41.353	48	23.7	0
1396	10.444	50.143	48	23.8	0
2048	26.195	96.399	61	23.8	0
2066	13.363	93.499	61	23.8	0
2087	43.852	89.547	61	23.8	0
2107	66.021	86.573	61	23.8	0
2215	39.889	69.605	61	23.8	0
2483	24.326	31.199	61	23.8	0
2654	24.258	1.483	61	23.8	0
1290	71.364	107.403	48	23.9	0
2457	89.831	35.544	61	23.9	0
2499	67.952	28.569	61	23.9	0
2568	44.403	15.797	61	23.9	0
1438	23.223	21.557	48	24	0
1992	71.936	105.046	61	24	0
2021	48.198	100.169	61	24	0
2057	6.204	95.124	61	24	0
2097	69.48	88.253	61	24	0
2142	54.682	80.708	61	24	0
2143	73.021	80.367	61	24	0
2154	51.496	78.176	61	24	0
2170	15.963	75.787	61	24	0
2208	29.156	70.632	61	24	0
2318	0.919	56.438	61	24	0
2392	22.793	46.208	61	24	0
2543	33.04	20.572	61	24	0
1422	39.676	32.089	48	24.1	0
2572	45.996	15.047	61	24.1	0
2019	51.568	100.312	61	24.2	0
2081	3.485	90.72	61	24.2	0
2172	75.539	75.752	61	24.2	0
2423	49.899	40.799	61	24.2	0
2466	79.972	34.234	61	24.2	0
1969	44.575	109.493	61	24.3	0
2060	23.233	94.67	61	24.3	0
2091	67.146	89.206	61	24.3	0
2123	9.25	83.679	61	24.3	0
2316	77.069	56.534	61	24.3	0
2561	83.437	16.994	61	24.3	0
2588	81.338	12.04	61	24.3	0
3106	87.864	40.054	67	24.3	0
833	7.266	92.015	29	24.4	0
2117	15.371	84.885	61	24.4	0
1427	12.694	27.808	48	24.5	0
1996	80.231	104.555	61	24.5	0
2046	42.73	96.599	61	24.5	0
2052	70.353	95.96	61	24.5	0
2126	33.182	83.141	61	24.5	0
2212	33.922	70.447	61	24.5	0
2355	37.271	51.686	61	24.5	0
2362	76.275	50.31	61	24.5	0
2495	57.691	29.067	61	24.5	0
2597	0.299	10.984	61	24.5	0
2020	17.241	100.273	61	24.6	0
2093	37.653	89.043	61	24.6	0
2454	53.379	36.055	61	24.6	0
1433	36.994	24.166	48	24.7	0
1968	2.438	109.683	61	24.7	0
2106	40.395	86.781	61	24.7	0
2257	83.787	64.579	61	24.7	0
2348	52.336	52.351	61	24.7	0
3104	65.571	49.298	67	24.7	0
1983	5.257	106.68	61	24.8	0
2164	54.896	76.896	61	24.8	0
2540	45.912	20.863	61	24.8	0
2612	50.254	8.884	61	24.8	0
1473	37.854	5.175	48	24.9	0
352	10.596	5.586	15	25	0
2035	54.528	98.187	61	25	0
2042	46.907	97.216	61	25	0
2133	76.25	81.929	61	25	0
2179	47.048	74.536	61	25	0
2186	56.527	73.792	61	25	0
2292	55.723	60.049	61	25	0
2077	52.326	91.281	61	25.1	0
2178	73.237	74.696	61	25.1	0
2295	23.845	59.437	61	25.1	0
2511	12.969	26.351	61	25.1	0
1463	41.619	9.481	48	25.2	0
2017	74	100.532	61	25.2	0
2073	25.411	91.821	61	25.2	0
2075	63.591	91.704	61	25.2	0
2158	68.444	77.997	61	25.2	0
2424	52.32	40.77	61	25.2	0
1767	18.344	42.043	56	25.3	0
2058	18.383	95.108	61	25.3	0
2082	70.674	90.662	61	25.3	0
2217	11.771	69.449	61	25.3	0
2518	51.693	25.334	61	25.3	0
2011	21.65	101.577	61	25.4	0
2183	59.375	74.036	61	25.4	0
2332	70.039	54.499	61	25.4	0
2446	8.106	37.671	61	25.4	0
2041	83.379	97.262	61	25.5	0
2214	19.326	69.659	61	25.5	0
2267	66.627	62.899	61	25.5	0
1419	7.503	33.974	48	25.6	0
2202	75.4	72.08	61	25.6	0
2353	45.595	51.959	61	25.6	0
2461	15.472	34.936	61	25.6	0
2625	20.396	6.467	61	25.6	0
1988	18.173	105.279	61	25.7	0
2016	10.5	100.885	61	25.7	0
2062	73.302	93.768	61	25.7	0
2095	85.248	88.536	61	25.7	0
2223	25.945	68.607	61	25.7	0
2565	86.725	16.183	61	25.7	0
2624	83.541	6.494	61	25.7	0
3318	89.32	44.357	78	25.7	0
1456	8.38	12.49	48	25.8	0
1989	29.781	105.269	61	25.8	0
2071	81.874	92.231	61	25.8	0
2263	34.235	63.588	61	25.9	0
2302	80.296	58.615	61	25.9	0
2503	49.805	27.707	61	25.9	0
2507	22.104	27.037	61	25.9	0
1973	40.011	108.885	61	26	0
2225	55.666	68.207	61	26	0
2242	22.731	65.912	61	26	0
2363	41.503	50.228	61	26	0
2268	19.473	62.53	61	26.1	0
2493	32.248	29.385	61	26.1	0
2026	27.766	99.598	61	26.2	0
2061	31.527	94.646	61	26.2	0
2148	79.044	79.752	61	26.2	0
2227	75.142	67.679	61	26.2	0
2274	43.619	61.848	61	26.2	0
2300	46.769	58.931	61	26.2	0
2472	55.492	32.842	61	26.2	0
2005	35.748	103.034	61	26.3	0
2096	75.467	88.456	61	26.3	0
2113	72.607	85.647	61	26.3	0
2480	68.74	31.511	61	26.3	0
2513	2.315	26.138	61	26.3	0
2592	28.711	11.858	61	26.3	0
2147	31.724	79.784	61	26.4	0
2388	14.42	46.716	61	26.4	0
2135	2.33	81.858	61	26.5	0
2141	88.125	81.007	61	26.5	0
2218	85.47	69.149	61	26.5	0
2253	69.508	64.861	61	26.5	0
2285	89.296	61.052	61	26.5	0
2555	25.622	18.522	61	26.5	0
1429	72.098	26.55	48	26.6	0
2485	50.567	30.998	61	26.6	0
1417	27.963	34.841	48	26.7	0
1448	11.274	16.271	48	26.7	0
1975	35.083	108.55	61	26.7	0
2002	26.523	103.297	61	26.7	0
2049	51.416	96.293	61	26.7	0
2090	49.282	89.338	61	26.7	0
2103	25.01	87.235	61	26.7	0
2160	58.625	77.787	61	26.7	0
1999	3.202	103.763	61	26.8	0
2386	8.203	47.121	61	26.8	0
1358	19.805	69.326	48	26.9	0
2092	27.782	89.166	61	26.9	0
1970	23.268	109.244	61	27	0
2084	31.309	90.094	61	27	0
2196	44.221	72.369	61	27	0
2421	38.15	40.965	61	27	0
2167	42.317	76.293	61	27.1	0
2434	58.814	39.094	61	27.1	0
2618	65.549	7.239	61	27.2	0
1446	43.034	18.044	48	27.3	0
2238	18.391	66.27	61	27.3	0
2579	4.981	14.043	61	27.3	0
2629	48.289	5.932	61	27.3	0
1467	30.262	7.978	48	27.4	0
1994	40.458	104.922	61	27.4	0
2051	59.642	96.042	61	27.5	0
2072	35.981	91.949	61	27.5	0
2104	10.59	87.176	61	27.5	0
2146	62.035	80.271	61	27.5	0
2498	5.602	28.665	61	27.5	0
1977	15.509	108.378	61	27.6	0
1998	8.88	104.034	61	27.6	0
2079	40.531	91.148	61	27.7	0
2525	57.184	24.363	61	27.8	0
2009	45.419	101.798	61	28	0
2013	63.803	101.481	61	28	0
2053	39.123	95.886	61	28	0
2377	87.857	48.24	61	28	0
2006	67.298	102.529	61	28.2	0
1392	28.847	52.798	48	28.3	0
2150	86.503	79.336	61	28.3	0
2393	49.465	46.162	61	28.3	0
2648	6.691	2.268	61	28.3	0
2289	64.558	60.387	61	28.4	0
2059	62.545	94.946	61	28.5	0
2222	64.966	68.826	61	28.5	0
2531	25.251	23.254	61	28.5	0
1445	1.305	18.211	48	28.8	0
2007	13.37	102.348	61	28.8	0
1987	32.545	105.541	61	29	0
2028	68.546	99.328	61	29	0
2138	26.294	81.396	61	29	0
1985	65.612	106.237	61	29.2	0
2496	61.12	28.925	61	29.2	0
2149	45.525	79.59	61	29.4	0
2098	63.529	87.791	61	29.5	0
2000	53.446	103.678	61	30	0
2012	58.334	101.491	61	30	0
2481	65.47	31.485	61	30.4	0
2108	18.754	86.428	61	30.5	0
2121	81.153	84.112	61	30.6	0
2134	66.302	81.914	61	30.6	0
2451	40.635	36.221	61	30.8	0
1979	54.639	107.607	61	31.2	0
2112	50.41	85.749	61	31.2	0
2350	7.473	52.333	61	31.2	0
2365	4.186	49.502	61	31.2	0
2054	86.967	95.818	61	31.4	0
2224	68.852	68.427	61	31.4	0
2615	55.246	7.802	61	31.4	0
2065	46.826	93.544	61	32.2	0
2256	59.871	64.632	61	32.6	0
2029	35.136	98.982	61	33.3	0
2074	59.055	91.705	61	33.4	0
2083	78.851	90.189	61	33.4	0
2192	50.707	73.03	61	33.6	0
2119	45.693	84.488	61	34.1	0
2634	2.649	4.522	61	35.5	0
2078	19.338	91.214	61	35.7	0
2004	74.741	103.059	61	36.3	0
1974	61.833	108.575	61	36.4	0
					