Number	x	y	dbh	species	height
1	3.4186	5.3408	5.1	1	0
2	14.2254	9.8496	6.1	1	0
3	49.6616	65.7127	7.5	1	0
4	40.7868	2.1605	5.2	1	0
5	59.1336	3.539	5.8	1	0
6	67.972	43.6395	6.3	1	0
7	70.0684	62.039	5	1	0
8	62.812	85.0386	8.7	1	0
9	94.4062	67.7159	7.7	1	0
10	92.6117	29.9316	7.5	1	0
11	89.6754	35.4133	8.2	1	0
12	93.8155	36.2004	5.1	1	0
13	7.7641	29.1912	6	2	0
14	8.4178	23.8794	6.2	2	0
15	9.2631	30.7988	6.1	2	0
16	8.1287	31.5815	5.9	2	0
17	3.4958	33.1852	5.6	2	0
18	5.1142	38.4389	6.2	2	0
19	10.242	36.7058	5.7	2	0
20	5.1997	53.7115	5.3	2	0
21	2.6627	50.4616	6.8	2	0
22	4.7419	47.5144	13.2	2	0
23	9.3481	81.4129	15.8	2	0
24	13.9446	87.3344	27.5	2	0
25	23.254	92.5496	5.6	2	0
26	7.4233	3.0174	7	2	0
27	11.3013	10.243	10.5	2	0
28	12.9135	12.165	8.4	2	0
29	17.7946	15.7881	5	2	0
30	16.6109	16.9685	8	2	0
31	10.7269	19.3731	8.1	2	0
32	11.7038	22.1475	5.7	2	0
33	24.7377	30.4108	29.6	2	0
34	28.5366	19.6086	5.4	2	0
35	25.6958	17.2656	5	2	0
36	21.4201	7.1154	14.5	2	0
37	18.3738	10.8211	7.2	2	0
38	19.897	1.472	13.2	2	0
39	24.8537	0.9259	5.5	2	0
40	29.3445	48.2621	5.2	2	0
41	27.1755	44.7047	5.3	2	0
42	24.3388	46.2921	13.5	2	0
43	20.7416	63.4359	34.5	2	0
44	30.6967	61.4209	47.2	2	0
45	28.4036	71.0123	9	2	0
46	30.4269	81.5932	35.8	2	0
47	16.7424	99.4051	8.2	2	0
48	43.0123045	96.85370473	25.7	2	0
49	49.3156	50.2232	49.9	2	0
50	41.2919	49.631	20.2	2	0
51	43.5336	13.385	5.1	2	0
52	52.2009	55.4523	27.2	2	0
53	53.0226	52.899	13.5	2	0
54	69.9134	66.0504	6.3	2	0
55	61.9115	66.3757	6.4	2	0
56	72.2247	67.4611	5	2	0
57	94.9024	53.5863	7.5	2	0
58	95.9036	48.6146	5.3	2	0
59	98.8543	31.1013	42.7	2	0
60	62.44080318	75.92557883	8.2	2	0
61	47.1971	21.8783	16.2	3	0
62	47.3892	22.0427	7.6	3	0
63	67.415	50.4959	9.1	3	0
64	2.0053	22.7529	34.4	4	0
65	1.577	22.4124	34.1	4	0
66	1.5	22.2	17.5	4	0
67	8.4443	32.0759	18.8	4	0
68	8.3288	31.6847	18.1	4	0
69	2.8117	33.9807	6	4	0
70	6.0567	37.8694	15.3	4	0
71	8.2944	37.8105	31.4	4	0
72	3.5172	42.0592	14.9	4	0
73	3.599	54.6264	9.5	4	0
74	15.293	62.423	27	4	0
75	12.3085	66.2629	14.7	4	0
76	11.8577	67.0218	19.5	4	0
77	10.8197	67.6184	19	4	0
78	7.3291	65.5066	13.6	4	0
79	4.5798	71.9251	8.1	4	0
80	3.0925	73.4949	24.1	4	0
81	1.7355	76.8997	32.7	4	0
82	2.2871	77.6577	8.2	4	0
83	1.7781	77.9374	36.1	4	0
84	1.6034	79.3132	6.5	4	0
85	1.5962	79.8879	22	4	0
86	1.1924	80.2605	24.4	4	0
87	16.5781	89.8311	5.3	4	0
88	7.5302	92.963	8.2	4	0
89	7.1524	96.2721	48.3	4	0
90	22.3866	90.7668	7.4	4	0
91	20.3277	90.2439	24	4	0
92	20.4507	90.2068	16.7	4	0
93	20.7986	85.5341	26.5	4	0
94	12.7578	70.8641	45.3	4	0
95	16.1914	69.7384	12.9	4	0
96	14.7861	49.4112	13.7	4	0
97	14.2022	48.5811	15	4	0
98	11.1267	41.3494	13.6	4	0
99	11.7627	23.6566	12.8	4	0
100	17.1901	34.0252	28.8	4	0
101	21.0186	34.3321	18.5	4	0
102	22.0084	24.1964	15.3	4	0
103	27.6902	21.0111	12.9	4	0
104	27.623	20.1576	16	4	0
105	19.9099	7.3199	19.1	4	0
106	29.72	26.3027	31.9	4	0
107	34.92	46.6693	12.7	4	0
108	35.0185	46.7438	16.1	4	0
109	14.2662	36.9964	19.8	4	0
110	16.1352	40.8004	21.4	4	0
111	19.944	42.3349	13.4	4	0
112	23.5879	46.6618	23.9	4	0
113	20.784	74.6175	13.5	4	0
114	24.7736	73.297	26.9	4	0
115	25.4458	78.2622	49.3	4	0
116	31.953	72.666	14.5	4	0
117	31.9004	72.3629	6.3	4	0
118	31.6362	86.2288	18.9	4	0
119	34.9472	84.0732	26.4	4	0
120	27.799	94.9634	20.3	4	0
121	25.8914	97.2171	10	4	0
122	39.9073	99.3754	37.3	4	0
123	41.9876	91.7222	24.6	4	0
124	40.4406	42.777	12.5	4	0
125	36.4471	37.4413	28.4	4	0
126	40.8724	35.1618	61.7	4	0
127	41.6077	6.5969	8.5	4	0
128	41.4364	6.4273	13.2	4	0
129	50.6875	14.7054	33	4	0
130	50.6855	82.1701	13.1	4	0
131	51.5578	77.3851	12.1	4	0
132	53.5807	43.3853	57.3	4	0
133	57.2716	18.5915	23.6	4	0
134	56.9563	18.0732	50.6	4	0
135	62.6835	35.8669	26.1	4	0
136	77.1957	61.7612	15.5	4	0
137	66.7542	83.9588	28.3	4	0
138	58.0415	97.1435	43.4	4	0
139	86.953	99.7776	11.8	4	0
140	87.3192	99.8268	14.1	4	0
141	87.998	98.6235	8.8	4	0
142	86.788	98.4888	22	4	0
143	87.3537	98.0538	9.5	4	0
144	91.0567	99.723	32	4	0
145	97.6108	95.8343	31.4	4	0
146	99.3107	68.9221	27	4	0
147	85.2706	53.0874	9.1	4	0
148	84.8267	35.3409	25.6	4	0
149	97.2692	33.0853	17.8	4	0
150	90.1891	12.3029	10.4	4	0
151	91.9248	6.3579	15.5	4	0
152	96.238	8.7281	14.5	4	0
153	96.891	7.8179	11.9	4	0
154	1.5979	11.2295	46	4	0
155	3.5191	29.5977	14.3	5	0
156	15.6905	59.0126	28.2	5	0
157	16.2867	96.2024	9.7	5	0
158	10.7595	94.479	19.3	5	0
159	8.3001	17.5999	10	5	0
160	24.6331	59.7407	14.5	5	0
161	24.7649	95.0224	32	5	0
162	67.1905	6.6766	20.7	5	0
163	64.8269	12.1749	30	5	0
164	63.5459	23.17	28.7	5	0
165	62.304	20.9975	29	5	0
166	70.0157	52.4494	43	5	0
167	63.5122	53.781	29	5	0
168	71.387	63.9117	24.1	5	0
169	77.1231	70.0357	18.1	5	0
170	76.3228	78.3401	26	5	0
171	71.5003	76.826	16	5	0
172	67.4744	79.0662	22.5	5	0
173	74.7414	3.1976	23	5	0
174	72.2255	2.8417	28.5	5	0
175	73.5029	15.8391	8	5	0
176	70.924	23.5638	24.9	5	0
177	79.7009	58.324	10.4	5	0
178	82.5793	53.3696	8	5	0
179	82.5666	93.8788	29	5	0
180	93.1766	92.9468	14.5	5	0
181	97.7717	84.4486	37.4	5	0
182	98.6119	80.6154	7.3	5	0
183	90.2764	59.0006	12.9	5	0
184	92.4495	61.1707	23.3	5	0
185	78.6666	40.5978	13.6	5	0
186	87.4898	7.771	21.1	5	0
187	88.1407	18.4724	22.6	5	0
188	94.0099	19.2403	33.9	5	0
189	90.6435	5.8573	25.5	5	0
190	0.9091	35.2728	24.7	6	0
191	2.8558	50.251	25.2	6	0
192	7.1245	78.5411	30.8	6	0
193	6.5762	99.3448	35.4	6	0
194	13.0648	0.6537	39	6	0
195	32.4445	12.0047	7.9	6	0
196	31.6743	73.7426	25.4	6	0
197	56.5246	76.5668	12.7	6	0
198	63.6481	35.5437	17.8	6	0
199	66.0394	57.6554	20.8	6	0
200	72.0024	65.031	25.8	6	0
201	59.8289	79.318	15	6	0
202	67.3523	91.5503	18	6	0
203	80.5213	46.6937	22.4	6	0
204	80.4507	57.6285	16.5	6	0
205	82.5558	19.4467	15.3	6	0
206	95.0012	36.9949	27.2	6	0
207	53.4829	4.284	5.4	7	0
208	7.5557	20.6742	26.9	8	0
209	12.4212	63.041	5.4	8	0
210	11.0725	62.1678	5.9	8	0
211	4.4159	72.057	5.7	8	0
212	24.88	10.8184	6.7	8	0
213	27.602	57.8119	28.7	8	0
214	28.7085	60.0141	23.6	8	0
215	34.5516	87.908	37.7	8	0
216	35.2558	90.3014	24.6	8	0
217	33.6656	94.1305	55.6	8	0
218	43.6323	78.0718	53.4	8	0
219	34.7089	69.9922	47.7	8	0
220	37.3278	68.808	40.6	8	0
221	48.1207	65.3584	23.5	8	0
222	48.4353	64.1562	7.4	8	0
223	48.7212	52.5026	13.5	8	0
224	44.3659	56.487	32.9	8	0
225	39.8771	56.4122	16.3	8	0
226	39.2883	55.9474	36.5	8	0
227	36.2847	54.4258	27	8	0
228	45.1394	42.6879	20.5	8	0
229	44.1138	41.4917	37.6	8	0
230	47.834	43.6118	34.8	8	0
231	48.3228	39.933	27.7	8	0
232	51.2092	33.6483	55.2	8	0
233	48.0173	30.697	44.5	8	0
234	39.7956	20.0237	22.7	8	0
235	46.0697	13.6961	7.7	8	0
236	41.0759	2.6782	9.7	8	0
237	33.6002	5.191	5.8	8	0
238	51.0886	15.2689	8.7	8	0
239	51.2806	19.2481	6	8	0
240	55.3599	51.2453	8.8	8	0
241	55.0981	46.706	43.5	8	0
242	58.1672	46.2855	11.3	8	0
243	69.3119	5.9016	6.3	8	0
244	68.6844	6.6905	9.6	8	0
245	62.7456	9.3071	7.7	8	0
246	66.5802	20.9404	7.4	8	0
247	67.3894	20.7612	9.4	8	0
248	64.7387	23.7778	15.7	8	0
249	57.5495	54.7466	19.6	8	0
250	69.5752	7.7349	14.6	8	0
251	75.9698	13.8915	18.2	8	0
252	79.4124	14.4485	5.2	8	0
253	80.6959	16.2298	8.4	8	0
254	79.2901	17.3155	9.5	8	0
255	76.4371	16.9671	5.5	8	0
256	71.3281	12.8759	19.8	8	0
257	74.7222	19.3162	12	8	0
258	78.542	22.5702	6.1	8	0
259	76.7759	0.2355	10.4	8	0
260	83.7579	2.4256	7.1	8	0
261	86.8011	5.6698	5.6	8	0
262	87.4283	6.3672	6.7	8	0
263	93.3531	49.1268	5.6	8	0
264	95.599	45.2642	5.2	8	0
265	94.4649	1.1522	7.4	8	0
266	9.1337	46.2435	30.6	9	0
267	12.4774	56.0291	25.5	9	0
268	6.6099	81.2348	20.2	9	0
269	12.4741	81.432	17.8	9	0
270	14.7634	80.6195	14.8	9	0
271	3.2473	88.0835	8.4	9	0
272	15.4484	69.0424	42.4	9	0
273	13.8806	19.0349	18.7	9	0
274	11.613	21.901	10.9	9	0
275	11.2604	24.2823	18.3	9	0
276	14.1387	22.4015	19.9	9	0
277	19.1771	23.0561	27.3	9	0
278	15.1795	30.8253	26.4	9	0
279	23.9347	27.2746	20.5	9	0
280	29.447	21.3306	19.2	9	0
281	26.2764	10.7	20.4	9	0
282	26.6866	5.6522	17.7	9	0
283	29.7371	14.3749	21.9	9	0
284	34.395	15.1827	21.6	9	0
285	22.9696	45.9682	24.6	9	0
286	19.0461	45.4586	30.3	9	0
287	26.3379	86.539	19.8	9	0
288	30.4895	91.0899	22.2	9	0
289	43.6507	84.1133	39.8	9	0
290	46.2385	82.6827	26.3	9	0
291	40.3111	75.5456	25.4	9	0
292	36.787	78.3583	24.7	9	0
293	45.097	70.18	32.1	9	0
294	37.6785	54.8472	34.5	9	0
295	38.761	10.8802	28.8	9	0
296	40.5674	2.1306	15.2	9	0
297	39.0748	4.1213	14.4	9	0
298	34.6698	4.1799	21.2	9	0
299	64.3869	35.7556	41.3	9	0
300	56.4943	55.9132	19.5	9	0
301	57.6226	59.2433	31.2	9	0
302	58.4843	71.475	23.1	9	0
303	85.0988	99.3647	26.7	9	0
304	88.863	50.1137	20.7	9	0
305	87.1511	39.7221	29.6	9	0
306	8.1864	17.4755	6.6	10	0
307	9.9161	2.8217	15	11	0
308	30.2092	1.1413	21.4	11	0
309	3.6201	81.0801	14.2	12	0
310	3.9356	89.8431	19.3	12	0
311	13.6937	70.1847	16.6	12	0
312	18.271	52.3771	15.3	12	0
313	27.9166	18.0272	14.4	12	0
314	48.3526	28.5336	7.6	12	0
315	49.781	7.1547	18	12	0
316	52.1172	9.3225	10.3	12	0
317	52.7889	18.1407	7.8	12	0
318	65.327	44.5266	41.8	12	0
319	65.876	57.2051	9.5	12	0
320	61.8601	60.3138	14.2	12	0
321	73.9887	58.7832	19	12	0
322	72.4891	55.1889	17.6	12	0
323	76.794	30.7472	45.5	12	0
324	71.3291	43.3984	39.2	12	0
325	78.3405	45.1022	21.2	12	0
326	85.394	87.1353	17.8	12	0
327	99.3526	88.9716	35.9	12	0
328	98.7708	68.0461	14.4	12	0
329	91.0877	69.9638	20.7	12	0
330	97.3895	59.5986	46.9	12	0
331	86.8006	48.8755	38.5	12	0
332	80.6097	9.9443	18.6	12	0
333	87.6654	2.8306	10.5	12	0
334	86.0109	13.8821	22	12	0
335	93.351	47.2388	28.8	12	0
336	97.2798	46.9467	37	12	0
337	95.3021	23.2487	8.4	12	0
338	97.9733	5.2658	13.7	12	0
339	91.65684801	60.26975448	38.5	12	0
340	1.4403	52.6131	31.3	13	0
341	28.212	98.6107	16.6	13	0
342	27.6805	97.5744	28.2	13	0
343	38.6007	88.263	22	13	0
344	35.2582	30.5136	35.6	13	0
345	38.1696	22.4309	7	13	0
346	73.0246	94.3273	11	13	0
347	79.1565	38.1644	15.9	13	0
348	78.9742	38.2618	10.6	13	0
349	79.0518	23.3432	8.2	13	0
350	94.4677	49.3263	6.3	13	0
351	99.6913	37.8175	13.7	13	0
352	92.611	9.8648	19.5	13	0
353	0.9787	11.2702	7.2	14	0
354	10.1376	37.8377	8.5	14	0
355	1.4164	41.816	5.3	14	0
356	3.2547	42.5174	5.3	14	0
357	6.7379	44.7308	12.4	14	0
358	12.3473	51.0989	8.9	14	0
359	11.4053	50.6721	10.5	14	0
360	3.2595	54.8979	7.3	14	0
361	11.0954	55.6669	11.4	14	0
362	11.7273	57.088	6.4	14	0
363	12.8217	57.1085	12	14	0
364	13.5688	55.2812	14	14	0
365	14.8843	63.408	21.5	14	0
366	1.9184	61.5876	8.7	14	0
367	2.8985	61.1337	10.4	14	0
368	4.2093	68.8352	14.3	14	0
369	3.9914	68.8324	13.9	14	0
370	4.1029	68.9319	10	14	0
371	2.5005	74.1114	8.6	14	0
372	0.583	71.6432	5.6	14	0
373	15.541	87.7983	5.2	14	0
374	15.7779	88.1334	5.6	14	0
375	17.5939	92.8283	5.2	14	0
376	11.1339	95.2646	19.4	14	0
377	6.4873	94.6024	5.8	14	0
378	2.1548	88.2862	6.3	14	0
379	3.4037	89.7947	7	14	0
380	21.9814	93.8236	12.5	14	0
381	22.1192	92.8362	15.4	14	0
382	22.3196	90.3236	21.6	14	0
383	13.6114	70.0374	14.7	14	0
384	19.0654	63.0183	7.9	14	0
385	17.5807	55.2264	6.1	14	0
386	16.3747	52.5688	6.4	14	0
387	12.6556	43.5689	11.7	14	0
388	10.0831	22.2614	5.3	14	0
389	15.7988	19.5327	5.9	14	0
390	20.2329	28.2353	9.7	14	0
391	17.7282	30.7588	5.4	14	0
392	18.3297	33.909	7.9	14	0
393	24.4626	31.0574	10.2	14	0
394	26.4566	22.7437	18.8	14	0
395	27.8419	2.8183	6	14	0
396	29.5471	2.8168	7.2	14	0
397	29.2723	6.0937	6.4	14	0
398	29.2055	10.3629	18.4	14	0
399	29.3208	10.4747	17.5	14	0
400	35.7888	18.3218	7.2	14	0
401	28.5915	24.7863	5.3	14	0
402	30.5967	31.9868	10.4	14	0
403	34.5611	41.5549	6.6	14	0
404	32.5384	46.358	12.4	14	0
405	34.0017	47.5176	6.2	14	0
406	34.0642	51.7445	15.2	14	0
407	31.8715	52.9792	17.5	14	0
408	24.6793	43.2658	9.3	14	0
409	21.7541	40.0838	8	14	0
410	20.6028	39.3804	11.3	14	0
411	19.4465	37.7434	11.7	14	0
412	20.766	36.5599	5.9	14	0
413	16.3652	40.4777	8.2	14	0
414	16.0628	42.3134	7.7	14	0
415	20.704	43.0863	5.9	14	0
416	19.4318	45.9217	11.1	14	0
417	17.4455	45.6279	10.3	14	0
418	16.3314	50.2704	5.8	14	0
419	26.9822	53.8501	8.5	14	0
420	30.8992	68.1211	6.9	14	0
421	22.0365	68.8799	17.9	14	0
422	19.3501	72.1324	10.1	14	0
423	20.44	74.4642	8	14	0
424	24.0139	75.2263	10.8	14	0
425	26.9272	77.8817	17.6	14	0
426	30.8746	77.788	13.3	14	0
427	35.1498	96.5761	14.2	14	0
428	28.5138	96.8369	7.3	14	0
429	29.3095	96.4395	10.7	14	0
430	39.1395	87.9769	16.6	14	0
431	33.8601	70.3051	6.4	14	0
432	41.0489	67.6425	10.4	14	0
433	47.1012	70.5335	19.1	14	0
434	48.9643	57.7947	16.5	14	0
435	41.4215	56.9691	7.5	14	0
436	33.364	53.7139	5.4	14	0
437	38.1333	46.3449	6.2	14	0
438	41.7985	44.681	9.6	14	0
439	41.2818	42.0073	5.6	14	0
440	42.413	36.9038	5.9	14	0
441	42.6595	37.6446	20	14	0
442	43.4825	43.2191	5.6	14	0
443	43.3437	45.1464	5.1	14	0
444	45.7836	45.6622	5.2	14	0
445	46.9132	43.8924	5.6	14	0
446	50.5364	39.7983	7	14	0
447	50.3744	36.8944	8.5	14	0
448	49.1753	31.7041	10.7	14	0
449	46.8864	31.0523	14.1	14	0
450	45.6915	28.2028	7	14	0
451	35.5148	29.9198	19.5	14	0
452	40.4597	11.3981	6	14	0
453	38.562	11.4627	7.5	14	0
454	38.4817	10.8354	11.8	14	0
455	37.1914	13.243	6.3	14	0
456	40.6723	6.3981	7.7	14	0
457	42.7466	6.3644	11.8	14	0
458	44.6074	4.3852	5	14	0
459	46.365	5.4656	5	14	0
460	46.1738	6.7248	7.3	14	0
461	48.8548	9.2889	7.5	14	0
462	53.9922	8.0372	6.9	14	0
463	51.3774	6.1488	9.9	14	0
464	50.6861	10.433	5.9	14	0
465	50.817	10.2826	9.2	14	0
466	54.2698	11.0945	6	14	0
467	54.315	17.9263	7.5	14	0
468	50.9533	18.6183	6.4	14	0
469	50.2565	17.1874	5	14	0
470	53.5601	97.9773	7.5	14	0
471	55.5711	94.3846	5	14	0
472	56.2551	88.136	11.3	14	0
473	56.4241	84.2299	6.1	14	0
474	56.3513	84.1212	13.8	14	0
475	53.8989	87.1046	5	14	0
476	52.5513	57.0388	7.5	14	0
477	54.545	35.2668	9.6	14	0
478	54.9928	34.9658	15.7	14	0
479	59.0587	35.7601	10.5	14	0
480	51.9245	22.3305	5	14	0
481	53.5688	20.6257	12.7	14	0
482	56.7785	11.6171	8.3	14	0
483	57.4324	7.7205	27	14	0
484	58.2158	4.755	5.3	14	0
485	58.0423	1.6037	13	14	0
486	62.1417	4.2226	11	14	0
487	66.4405	0.2859	6.6	14	0
488	68.8635	5.193	8.4	14	0
489	60.3875	7.8016	7.1	14	0
490	59.8196	10.0233	8.7	14	0
491	62.4439	10.2652	10.4	14	0
492	62.8818	10.4907	9.7	14	0
493	69.0054	15.0009	5.9	14	0
494	69.2258	10.3186	6.1	14	0
495	68.1036	12.0872	6.5	14	0
496	64.8319	17.9254	7.4	14	0
497	68.208	30.3537	10.5	14	0
498	67.6232	30.2377	15	14	0
499	68.4334	36.0624	15	14	0
500	70.9675	36.3247	11.3	14	0
501	62.8196	42.8603	6.7	14	0
502	69.7699	53.2899	15.8	14	0
503	60.8837	54.8625	9	14	0
504	63.1394	52.8153	5	14	0
505	64.6312	54.3312	5.3	14	0
506	64.3733	51.7133	5	14	0
507	65.4005	51.5152	7.2	14	0
508	66.0699	54.7689	7	14	0
509	66.0304	54.9042	8	14	0
510	65.24453283	55.52259533	7.5	14	0
511	67.2716	56.26	7.1	14	0
512	67.4399	57.0955	5.7	14	0
513	59.6227	57.7907	6.7	14	0
514	59.6502	59.9034	5.5	14	0
515	65.0091	59.5849	16	14	0
516	76.0955	59.5129	7.1	14	0
517	72.1131	65.7077	10.4	14	0
518	69.0322	64.4672	8.5	14	0
519	64.3011	62.4608	10.2	14	0
520	61.5662	62.7947	5.5	14	0
521	62.334	70.1859	8.5	14	0
522	62.4454	74.0544	6.4	14	0
523	62.5474	73.156	10.7	14	0
524	64.3543	73.9264	5.8	14	0
525	65.5868	73.6151	8.4	14	0
526	67.7292	73.9563	8.6	14	0
527	66.7922	71.0041	5.7	14	0
528	78.9358	66.2437	5.6	14	0
529	79.683	68.4386	5	14	0
530	77.6915	77.0878	9.8	14	0
531	67.9732	76.8	8.1	14	0
532	64.3408	75.9221	9	14	0
533	63.4521	80.1256	11	14	0
534	62.6349	85.2544	8.4	14	0
535	73.048	85.7046	14.7	14	0
536	71.2466	87.9066	14.4	14	0
537	72.593	90.2618	11.9	14	0
538	69.8936	96.0133	9.2	14	0
539	60.5184	98.5473	7.2	14	0
540	59.1875	99.2091	6.3	14	0
541	65.303	98.2605	6.9	14	0
542	59.1956	95.4047	5.4	14	0
543	74.9703	4.488	7	14	0
544	72.2212	9.929	7.9	14	0
545	72.3485	15.9595	7.8	14	0
546	74.21	18.7691	6	14	0
547	71.2037	24.996	6	14	0
548	75.8268	24.3391	10	14	0
549	77.5823	28.168	9.8	14	0
550	75.5704	41.7204	10.7	14	0
551	81.4985	45.0837	10.8	14	0
552	78.8495	47.3587	12.7	14	0
553	83.0953	54.1748	5.3	14	0
554	82.0552	68.1458	15.9	14	0
555	86.2578	68.6902	15	14	0
556	86.7836	67.3392	5.2	14	0
557	85.8727	77.0995	5.1	14	0
558	84.0037	75.9233	16.2	14	0
559	75.1766	82.3522	12.1	14	0
560	78.0112	84.3959	17.7	14	0
561	79.81248569	84.53796954	5.6	14	0
562	80.9517	84.7758	5	14	0
563	79.6113	86.3291	7.7	14	0
564	78.8454	90.0225	8.6	14	0
565	77.7942	91.3731	6.5	14	0
566	78.3663	92.225	5	14	0
567	76.1791	92.0564	6	14	0
568	74.5823	90.2188	8.9	14	0
569	79.612	99.0102	13	14	0
570	86.6094	95.7844	7.9	14	0
571	83.8546	96.8097	10.8	14	0
572	85.1537	93.5553	9.3	14	0
573	83.482	90.3073	6.8	14	0
574	85.4893	87.466	10.7	14	0
575	86.1904	85.4013	6.4	14	0
576	87.2186	84.753	10.4	14	0
577	86.1298	84.3408	13.1	14	0
578	82.6794	84.0933	6.8	14	0
579	82.8112	83.9304	12.3	14	0
580	84.5336	82.3755	5.2	14	0
581	90.644	78.5966	11.3	14	0
582	91.8291	77.3937	13.2	14	0
583	93.0651	82.5789	12	14	0
584	93.7462	83.9513	5.6	14	0
585	89.8281	84.1008	8.5	14	0
586	89.2738	85.1537	8.4	14	0
587	86.9414	88.1056	8	14	0
588	92.8525	94.7975	10	14	0
589	92.2504	98.7219	9.8	14	0
590	90.6316	99.0527	6.9	14	0
591	99.5274	99.8403	8.4	14	0
592	97.3356	95.0797	7.2	14	0
593	96.5501	86.4999	7.2	14	0
594	96.9398	84.9048	5.5	14	0
595	96.7166	85.2619	5.2	14	0
596	95.35	84.0018	9	14	0
597	97.2266	83.0751	9	14	0
598	98.3078	79.2536	7.4	14	0
599	95.7948	80.1308	16.5	14	0
600	98.7676	73.9823	6.7	14	0
601	98.1274	72.9919	17.3	14	0
602	94.1549	68.207	6.1	14	0
603	92.8336	72.6424	7.5	14	0
604	91.3773	71.0719	5	14	0
605	89.9322	64.842	5.8	14	0
606	91.7397	61.3109	9.9	14	0
607	91.2209	60.5146	6.3	14	0
608	92.4121	59.5854	10.3	14	0
609	96.1086	60.2957	13.3	14	0
610	88.3737	56.4805	10.9	14	0
611	87.6647	52.8931	5	14	0
612	88.5177	50.2828	13.7	14	0
613	87.5579	44.313	13.3	14	0
614	88.4021	43.9061	16.1	14	0
615	87.3086	43.2009	6.4	14	0
616	84.4643	34.291	10.5	14	0
617	86.9295	34.3989	5	14	0
618	85.8487	27.9169	10.2	14	0
619	82.5447	22.1325	9.1	14	0
620	80.8838	24.626	5.5	14	0
621	82.1695	26.6368	7.1	14	0
622	79.3792	25.004	7.3	14	0
623	81.4624	19.3019	8.2	14	0
624	83.9168	18.1465	8.1	14	0
625	78.5644	3.3069	7.1	14	0
626	77.699	2.4914	8.3	14	0
627	78.2854	5.43	8.8	14	0
628	76.5096	5.1405	9.3	14	0
629	83.5105	6.4011	8.9	14	0
630	90.2329	24.0435	5.1	14	0
631	87.2505	21.8252	6.9	14	0
632	90.2936	37.5752	16.3	14	0
633	89.6446	37.5949	10.9	14	0
634	95.2249	44.514	12.6	14	0
635	99.6543	38.3253	12.4	14	0
636	98.59994041	35.49188055	13	14	0
637	96.7279	25.2621	17.8	14	0
638	94.7073	16.5015	5.2	14	0
639	93.3356	14.4783	5.7	14	0
640	92.8291	13.1878	9.2	14	0
641	91.3377	13.516	9.3	14	0
642	88.8731	8.6328	7.8	14	0
643	92.2477	8.1536	8.1	14	0
644	93.8103	9.9698	13.2	14	0
645	95.8912	6.9129	8.9	14	0
646	49.18886485	75.30889042	14.3	14	0
647	8.506972473	98.37332189	12	14	0
648	83.14597993	54.28898776	5.3	14	0
649	8.4075	28.6712	9.2	15	0
650	1.4087	72.4154	21.2	15	0
651	8.210686541	82.39080113	7.5	15	0
652	2.185185478	87.90296934	11.5	15	0
653	1.0208	84.1075	10	15	0
654	0.9875	84.4207	6.8	15	0
655	8.4941	12.5919	10.9	15	0
656	8.2849	8.0706	10.5	15	0
657	8.7802	5.5985	8.4	15	0
658	9.247	5.5102	10.2	15	0
659	14.9006	8.6347	11.5	15	0
660	16.527	7.7549	17.4	15	0
661	13.0188	9.3261	18	15	0
662	12.4691	11.1726	16.8	15	0
663	16.4756	13.8724	17.5	15	0
664	15.4976	15.9316	15.2	15	0
665	21.1843	35.1554	21.3	15	0
666	22.6827	17.8602	17	15	0
667	26.3986	14.5978	15.3	15	0
668	27.0728	13.4371	11.1	15	0
669	24.1778	14.8817	17.5	15	0
670	24.5673	12.8968	14.3	15	0
671	23.9355	12.6864	14.1	15	0
672	20.9813	15.0063	11.9	15	0
673	24.4502	5.752	17.8	15	0
674	25.5819	4.7041	19.5	15	0
675	22.277	8.8534	7.8	15	0
676	18.1617	10.719	6.7	15	0
677	17.9838	3.9208	11.9	15	0
678	23.4714	0.2636	11.3	15	0
679	25.117	0.8805	7.5	15	0
680	27.0081	3.1102	10.5	15	0
681	29.1334	8.0116	18.2	15	0
682	33.0416	23.3319	5.9	15	0
683	21.6521	60.7165	11.1	15	0
684	39.5726	44.9897	8	15	0
685	38.3967	43.4856	9	15	0
686	38.0458	41.1834	5.7	15	0
687	48.6096	14.6186	10.7	15	0
688	41.5729	13.5357	8.5	15	0
689	40.8163	12.1225	7	15	0
690	53.88	11.036	5.1	15	0
691	52.9511	19.0157	11.5	15	0
692	52.188	18.3407	11.9	15	0
693	52.1675	95.3269	5.6	15	0
694	52.4752	93.845	6.8	15	0
695	57.6557	89.2414	9.1	15	0
696	57.9608	89.0019	13.8	15	0
697	57.8209	88.996	5.6	15	0
698	57.652	89.3484	15	15	0
699	53.3889	86.6219	20.3	15	0
700	51.6464	27.5441	23.3	15	0
701	51.849	27.159	17.8	15	0
702	61.3191	19.2583	6.4	15	0
703	61.0441	19.6931	6.4	15	0
704	60.7668	19.8453	11.7	15	0
705	62.5234	48.0577	5.4	15	0
706	62.5419	69.9889	20.8	15	0
707	66.2412	73.8196	9.4	15	0
708	66.0913	98.1052	12	15	0
709	65.2262	98.2742	14	15	0
710	65.0236	98.4915	6.3	15	0
711	65.2095	97.9131	8.2	15	0
712	74.4087	19.0933	11.7	15	0
713	82.9084	50.2261	7	15	0
714	88.7642	35.3949	5.3	15	0
715	10.4851168	4.478295242	6	15	0
716	1.7124	5.0751	47.4	16	0
717	1.2157	6.0643	24.2	16	0
718	4.3132	7.9395	6.8	16	0
719	4.5176	14.1181	34	16	0
720	7.2698	20.3921	43.2	16	0
721	7.3655	32.2866	5.4	16	0
722	5.1817	36.7304	21.7	16	0
723	6.6006	35.9886	25.2	16	0
724	6.0696	38.975	15.5	16	0
725	8.3978	39.8611	6.4	16	0
726	2.9349	42.1384	8.6	16	0
727	3.7027	43.7884	5.7	16	0
728	0.733	49.7768	6.5	16	0
729	5.9695	57.8274	16.5	16	0
730	5.5995	64.1984	9.4	16	0
731	16.3814	82.698	20.2	16	0
732	14.9787	85.2657	39.1	16	0
733	13.7052	91.1301	9.9	16	0
734	4.1982	90.4274	10.8	16	0
735	3.4513	92.3121	17.2	16	0
736	2.3459	97.8479	7.5	16	0
737	2.1888	97.8971	7.1	16	0
738	1.3567	99.617	7	16	0
739	21.9897	96.3303	10.2	16	0
740	18.0451	84.169	52.2	16	0
741	17.9973	67.23	24.1	16	0
742	18.1009	54.3557	7.6	16	0
743	12.9418	40.9855	14.6	16	0
744	11.8385	33.5503	10.4	16	0
745	7.3701	15.768	5.8	16	0
746	12.1486	4.4448	10.2	16	0
747	15.2797	8.6388	10.7	16	0
748	12.526	10.2326	10.4	16	0
749	14.1518	12.0179	5.2	16	0
750	16.4565	9.8836	14.2	16	0
751	15.1349	32.3541	6.2	16	0
752	17.0672	33.7535	13.3	16	0
753	19.9313	34.2435	19.8	16	0
754	23.36	33.5412	7.6	16	0
755	20.9486	10.7836	5.4	16	0
756	18.5534	3.5886	20	16	0
757	18.4196	2.859	11.1	16	0
758	32.7111	20.4129	37.3	16	0
759	28.5127	50.0674	5.3	16	0
760	42.4411	96.501	26.6	16	0
761	19.3719	47.0245	5.8	16	0
762	16.0926	49.2905	11.4	16	0
763	17.9985	53.6763	15.7	16	0
764	18.951	55.2169	13.5	16	0
765	19.6084	56.8267	5.9	16	0
766	24.9531	50.2192	9.7	16	0
767	27.2265	69.1951	20.5	16	0
768	19.3764	72.9671	5.2	16	0
769	28.5046	77.754	22.3	16	0
770	28.1529	96.0672	18.1	16	0
771	27.358	95.0357	6	16	0
772	30.5166	93.1092	6	16	0
773	29.8575	92.005	5	16	0
774	28.5239	91.5335	6.1	16	0
775	24.7433	91.12	5.1	16	0
776	45.1102	90.7057	48.8	16	0
777	48.3111	57.8878	58.1	16	0
778	49.128	43.8944	44	16	0
779	45.755	31.4376	60.2	16	0
780	40.8797	20.2924	44.7	16	0
781	46.2328	1.1505	36.4	16	0
782	48.7887	90.875	5.3	16	0
783	54.6305	91.0965	5.8	16	0
784	52.1323	73.7093	22.2	16	0
785	56.9283	72.5837	5.5	16	0
786	55.1481	66.2241	22	16	0
787	55.2953	66.4019	5.3	16	0
788	58.0594	21.3223	9.2	16	0
789	58.2447	5.8453	47.5	16	0
790	65.6483	8.0889	15.3	16	0
791	64.6184	7.9136	8.8	16	0
792	62.9596	13.8429	10.5	16	0
793	66.0698	14.4612	10.1	16	0
794	67.5392	14.3952	12.1	16	0
795	69.7976	13.7162	19.9	16	0
796	65.4494	18.1764	14.8	16	0
797	65.1953	20.0207	5.9	16	0
798	64.5441	20.0379	14.4	16	0
799	62.2616	21.476	8	16	0
800	59.9518	24.7359	7.3	16	0
801	60.3117	27.192	5.4	16	0
802	67.6055	24.2458	10.2	16	0
803	68.2046	23.165	17.3	16	0
804	69.8299	48.6273	14.5	16	0
805	69.4568	49.8499	7.7	16	0
806	67.2631	49.5586	8.6	16	0
807	61.1639	51.6736	10.2	16	0
808	61.7813	59.3754	5.5	16	0
809	68.6533	61.2736	5.3	16	0
810	70.6942	60.3356	8.8	16	0
811	73.0218	59.0942	8.5	16	0
812	75.5157	59.3031	13.2	16	0
813	75.113	59.3495	8.6	16	0
814	74.5538	61.4922	8.4	16	0
815	74.3824	62.9752	8	16	0
816	67.2582	65.8154	5.6	16	0
817	66.1421	64.3528	6	16	0
818	63.1319	67.2845	7.2	16	0
819	61.3302	64.2696	6	16	0
820	60.3697	66.977	12.6	16	0
821	66.3604	71.4506	11.8	16	0
822	65.8266	71.4815	12.9	16	0
823	69.5568	73.9539	15.2	16	0
824	71.1198	73.5929	10.7	16	0
825	71.5339	72.2732	11.7	16	0
826	75.2023	71.286	11.6	16	0
827	74.8663	70.4624	9.3	16	0
828	76.4055	69.3133	8	16	0
829	74.3024	67.9699	17.1	16	0
830	78.1513	68.2681	14	16	0
831	79.9291	68.5312	15.7	16	0
832	79.8623	71.5578	23	16	0
833	79.1877	74.013	6	16	0
834	78.1803	76.8537	5.2	16	0
835	69.3968	77.4095	14.3	16	0
836	65.4062	76.8547	7.3	16	0
837	63.4946	79.0528	5.6	16	0
838	60.6651	84.2933	9.5	16	0
839	62.2495	87.6466	11.8	16	0
840	62.0988	89.1129	8.1	16	0
841	63.446	89.3111	5.8	16	0
842	69.0906	87.3621	9.7	16	0
843	66.2284	85.9939	13.5	16	0
844	71.8753	81.6464	10.4	16	0
845	72.5899	93.8114	11.6	16	0
846	71.8287	97.9019	15	16	0
847	72.1381	99.1747	23.7	16	0
848	69.9392	97.0044	6.9	16	0
849	68.3899	92.8166	12.5	16	0
850	64.6746	92.6095	5.1	16	0
851	63.2877	94.2548	9.5	16	0
852	74.5893	1.172	7.2	16	0
853	71.7052	10.5809	10	16	0
854	72.8088	9.3278	6.7	16	0
855	78.9763	15.8955	9.6	16	0
856	78.4282	17.2873	20.8	16	0
857	74.1799	16.8958	8	16	0
858	74.0216	16.2745	9.2	16	0
859	72.0409	26.93	10.4	16	0
860	77.3955	50.6306	8.7	16	0
861	74.5449	50.3223	6.7	16	0
862	73.8232	50.8289	8.6	16	0
863	79.7113	51.7535	15.2	16	0
864	81.5897	57.9989	12.5	16	0
865	87.4993	60.4969	5.1	16	0
866	87.9156	64.0782	8.5	16	0
867	86.8723	64.9536	13.1	16	0
868	86.2366	64.3099	17.2	16	0
869	84.7191	62.9855	7.1	16	0
870	83.8894	64.4272	6.2	16	0
871	81.0503	61.6569	10.9	16	0
872	84.171	67.1181	11.6	16	0
873	87.7104	67.9264	6.2	16	0
874	88.6694	70.2493	11.9	16	0
875	87.0132	75.0483	10.8	16	0
876	87.0366	76.1685	5.2	16	0
877	87.6716	77.06	9.5	16	0
878	86.9833	77.5128	7.2	16	0
879	83.1677	75.6649	6.6	16	0
880	83.9493	72.8995	13.5	16	0
881	80.0419	83.6677	16.4	16	0
882	78.9684	93.9904	35.2	16	0
883	83.4705	90.8279	16.2	16	0
884	90.8818	77.6853	9.2	16	0
885	90.8981	75.6142	10.1	16	0
886	88.4843	93.1492	9.5	16	0
887	94.7167	98.4448	29.3	16	0
888	97.7182	93.7257	19.5	16	0
889	93.9683	71.0485	8	16	0
890	90.7154	67.2131	5.7	16	0
891	89.5704	67.0552	6.1	16	0
892	90.498	65.7625	7	16	0
893	96.6906	60.4316	6.8	16	0
894	99.3085	62.4091	13.2	16	0
895	98.7046	65.6343	5.5	16	0
896	97.337	65.6727	8.8	16	0
897	98.7748	54.972	5	16	0
898	95.8337	56.193	9.4	16	0
899	92.9649	55.6288	7.1	16	0
900	88.8637	58.3877	9	16	0
901	88.8214	53.8854	14.3	16	0
902	85.1254	44.5027	20.3	16	0
903	81.2112	39.5417	6.5	16	0
904	85.0053	35.8622	5.2	16	0
905	86.0574	24.2526	9.2	16	0
906	85.3522	23.3047	5.8	16	0
907	84.2343	22.018	8.1	16	0
908	83.7857	21.7182	12.4	16	0
909	78.6335	27.8958	10.6	16	0
910	79.5164	23.7682	11.7	16	0
911	82.4719	16.0982	21.5	16	0
912	80.6022	13.6022	8.5	16	0
913	82.0596	7.3713	10.3	16	0
914	80.3072	2.6746	11.7	16	0
915	76.2868	0.37	6.4	16	0
916	82.8425	1.6624	9.9	16	0
917	84.0996	3.5829	7.5	16	0
918	87.3927	3.3318	5.2	16	0
919	86.8824	9.1636	9.3	16	0
920	86.1435	12.4502	6.2	16	0
921	83.9703	14.0016	10.3	16	0
922	88.6078	15.1168	16.2	16	0
923	87.5499	16.7625	8.5	16	0
924	87.4653	20.9045	16.9	16	0
925	89.4562	22.2012	6.7	16	0
926	91.6438	39.6068	10.5	16	0
927	92.3078	48.083	5.5	16	0
928	91.6242	52.1145	12.3	16	0
929	99.0768	49.5552	6.7	16	0
930	90.1421	9.8398	6.5	16	0
931	89.0268	5.9639	6.2	16	0
932	92.887	5.2342	7.5	16	0
933	91.9042	3.6502	6.1	16	0
934	94.5245	0.3222	12	16	0
935	92.384	0.5013	9.1	16	0
936	89.35	1.3753	13.3	16	0
937	98.6409	15.9584	20	16	0
938	98.7651	18.1488	22.5	16	0
939	22.7311	55.236	10.5	16	0
940	92.6583	46.2666	5.7	16	0
941	85.4578	75.3944	16.1	16	0
942	81.29730007	15.05476044	5.5	16	0
943	9.3385	26.5001	14.8	17	0
944	11.2454	48.079	25.1	17	0
945	7.6816	52.9434	35.2	17	0
946	4.6593	52.1478	27.5	17	0
947	9.8601	21.8986	8.3	17	0
948	9.0396	7.3332	13.6	17	0
949	5.4384	4.4151	12.3	17	0
950	14.837	19.0053	8.5	17	0
951	13.8209	24.4148	16.1	17	0
952	16.4389	23.7837	8.4	17	0
953	34.1097	13.1868	6.6	17	0
954	30.6935	37.6695	50.4	17	0
955	36.1912	47.8149	23.7	17	0
956	21.9874	59.26	16.9	17	0
957	41.1509	12.3327	12.9	17	0
958	36.6516	11.4726	9.2	17	0
959	37.4403	13.3918	13	17	0
960	32.7485	5.2393	17.5	17	0
961	57.0323	9.686	31.8	17	0
962	60.5755	47.0739	31.8	17	0
963	71.238	33.7214	35.9	17	0
964	82.3672	54.9477	28.6	17	0
965	95.6232	53.8492	11	17	0
966	99.1976	23.3266	25.8	17	0
967	7.5084	66.7129	7.1	18	0
968	6.1254	66.9132	25	18	0
969	2.13	65.5839	17.8	18	0
970	1.5234	64.1078	22.8	18	0
971	7.3878	69.5589	31.5	18	0
972	23.4633	1.2367	26.8	18	0
973	26.5414	0.259	25.2	18	0
974	30.515	6.1967	17.7	18	0
975	30.6375	7.6412	28.2	18	0
976	34.4033	22.3016	11.9	18	0
977	16.90580198	41.13363407	80.2	18	0
978	26.0487	62.1826	13.5	18	0
979	27.8153	79.8713	25.9	18	0
980	47.9317	68.8451	13.6	18	0
981	50.3445	50.7392	24.1	18	0
982	40.1527	60.0781	45.7	18	0
983	39.8356	62.6892	55	18	0
984	41.6327	34.0443	9.4	18	0
985	50.3653	36.4861	17.9	18	0
986	51.7052	34.5816	18	18	0
987	44.474	28.4733	7.4	18	0
988	38.6708	26.5698	8.5	18	0
989	37.029	20.0816	48	18	0
990	39.1147	19.9701	20.1	18	0
991	43.7922	17.7916	7.8	18	0
992	46.604	7.9811	27.3	18	0
993	42.9367	1.2551	12	18	0
994	41.5237	2.3884	29	18	0
995	31.9048	4.5485	13.8	18	0
996	53.7169	7.7647	5.9	18	0
997	50.7064	12.8372	7.9	18	0
998	52.4619	56.7445	13	18	0
999	54.9271	54.9888	12.5	18	0
1000	56.1139	46.6259	8.7	18	0
1001	57.5948	47.5452	26.3	18	0
1002	54.6945	44.0683	6.4	18	0
1003	69.2318	11.8279	21.7	18	0
1004	69.9442	37.061	6.2	18	0
1005	69.3447	41.6336	16	18	0
1006	66.4032	45.294	20.7	18	0
1007	64.8689	62.6907	8.7	18	0
1008	65.066	64.4208	20.3	18	0
1009	62.6231	67.1078	11.8	18	0
1010	62.9662	67.406	27.2	18	0
1011	59.043	73.2518	5.4	18	0
1012	59.5296	73.4274	21.3	18	0
1013	80.3673	70.5364	6.1	18	0
1014	64.0527	78.9129	16.3	18	0
1015	66.713	83.3098	6.1	18	0
1016	63.1659	95.1155	5.4	18	0
1017	66.0536	87.041	5.2	18	0
1018	73.1256	5.4491	20.5	18	0
1019	77.7029	14.2525	10.7	18	0
1020	73.3547	20.9882	12.2	18	0
1021	74.9907	27.0819	19	18	0
1022	72.3056	43.982	14.5	18	0
1023	77.5227	45.1177	14.9	18	0
1024	74.3161	51.1092	27.5	18	0
1025	81.4049	57.0009	11.3	18	0
1026	86.6941	58.1942	6.7	18	0
1027	88.2902	74.7908	5.4	18	0
1028	80.1512	79.9101	5.6	18	0
1029	75.793	81.1674	7.2	18	0
1030	84.0404	20.4029	8.1	18	0
1031	79.9019	20.0159	5.7	18	0
1032	82.3707	19.549	5.5	18	0
1033	77.9505	9.7775	7	18	0
1034	91.0405	38.1255	6.9	18	0
1035	89.0159	0.9394	5.5	18	0
1036	28.9306	68.9237	43.5	18	0
1037	6.5939	28.0992	20	19	0
1038	4.8348	29.3234	16.9	19	0
1039	4.1543	28.6647	16	19	0
1040	1.5654	39.1876	16.3	19	0
1041	55.6858	93.4954	41.2	19	0
1042	56.7525	88.3299	62.3	19	0
1043	53.9169	82.465	38.1	19	0
1044	64.1554	4.5416	49	19	0
1045	62.7331	26.883	43.7	19	0
1046	66.982	27.4437	18.5	19	0
1047	62.3527	60.7126	33.4	19	0
1048	75.7197	9.5474	50.5	19	0
1049	76.9046	13.2817	44.8	19	0
1050	75.9922	12.9884	37.9	19	0
1051	86.1917	56.142	36	19	0
1052	88.4918	69.501	40.2	19	0
1053	87.5157	75.754	29.5	19	0
1054	78.2784	83.6959	43	19	0
1055	85.7374	93.799	33.5	19	0
1056	84.461	84.4914	21	19	0
1057	93.1742	88.9341	29.9	19	0
1058	85.189	6.0586	37.2	19	0
1059	86.8733	18.8811	42.5	19	0
1060	93.5533	50.3599	41.7	19	0
1061	96.8014	39.5656	37.5	19	0
1062	91.5051	12.8885	54.4	19	0
1063	90.1636	0.0491	10.8	19	0
1064	5.4241	88.7585	10	20	0
1065	1.4533	85.5125	9.6	20	0
1066	0.5607	86.2872	5.7	20	0
1067	1.7275	87.3205	16.5	20	0
1068	20.5924	93.4227	24	20	0
1069	18.4225	30.0719	7.1	20	0
1070	18.0222	31.192	13.7	20	0
1071	12.6198	25.8604	10.9	20	0
1072	23.811	30.7551	6.1	20	0
1073	22.9595	24.5375	18.3	20	0
1074	29.7163	2.9945	12.3	20	0
1075	33.9182	36.3683	11	20	0
1076	32.5653	40.213	13.6	20	0
1077	32.6787	48.5674	8.5	20	0
1078	29.5818	50.0616	6.3	20	0
1079	22.5508	43.0554	13	20	0
1080	21.0293	53.4214	5.5	20	0
1081	20.5317	60.1155	6.6	20	0
1082	21.0885	57.8543	9.7	20	0
1083	26.3391	64.4538	10.3	20	0
1084	26.3739	65.6085	8.3	20	0
1085	27.7542	94.4306	5.9	20	0
1086	25.8828	97.7012	5.5	20	0
1087	44.3553	92.9799	43.4	20	0
1088	43.7987	89.1066	42.6	20	0
1089	34.2181	77.0591	5.3	20	0
1090	39.1151	70.3284	11.5	20	0
1091	46.2006	69.6276	6.1	20	0
1092	48.9386	68.7365	16.5	20	0
1093	44.3062	65.0088	13.2	20	0
1094	41.6666	61.1401	22.6	20	0
1095	27.9196	14.8821	24	20	0
1096	38.9007	63.5094	5.5	20	0
1097	37.5202	51.0217	12.7	20	0
1098	39.2964	48.025	13.8	20	0
1099	50.133	43.9758	8.6	20	0
1100	36.9876	6.2158	10.6	20	0
1101	57.7325	84.8655	14	20	0
1102	53.7896	79.7889	7.2	20	0
1103	54.5976	75.7616	5.6	20	0
1104	54.0275	77.5731	10.2	20	0
1105	56.0055	73.0203	23	20	0
1106	56.05	71.3999	10.2	20	0
1107	52.4285	66.125	5	20	0
1108	52.7672	64.4584	6.8	20	0
1109	57.058	11.544	14.3	20	0
1110	62.8877	0.1188	5.9	20	0
1111	63.0021	3.6919	15.7	20	0
1112	67.8708	3.2371	9.8	20	0
1113	66.8789	0.4879	9.6	20	0
1114	66.7998	8.1762	6.7	20	0
1115	61.1543	6.3742	8	20	0
1116	62.1998	14.0987	7	20	0
1117	69.1797	11.6067	7.4	20	0
1118	64.8798	21.5002	8.8	20	0
1119	60.3652	26.7077	11.1	20	0
1120	64.2432	28.0942	8.6	20	0
1121	64.5677	28.26	10.6	20	0
1122	68.3935	24.9007	8.8	20	0
1123	63.2804	40.8996	12.3	20	0
1124	62.6481	41.1835	11	20	0
1125	61.7284	42.9995	6.8	20	0
1126	61.8001	42.7799	5.4	20	0
1127	67.9746	51.3588	6.2	20	0
1128	59.1847	59.3862	18	20	0
1129	76.9369	61.7131	11	20	0
1130	65.9207	63.8168	12.3	20	0
1131	67.8326	70.8082	10.2	20	0
1132	78.3929	65.1743	7.7	20	0
1133	73.3534	75.6418	13.6	20	0
1134	59.5692	86.7869	17.5	20	0
1135	70.6263	2.4341	8.4	20	0
1136	71.5527	1.5029	5.7	20	0
1137	71.6494	1.1656	14.7	20	0
1138	77.4335	14.5397	7.7	20	0
1139	73.0446	22.9978	15.4	20	0
1140	71.064	24.1886	7	20	0
1141	75.9719	25.4919	19	20	0
1142	73.8765	29.6985	9.8	20	0
1143	69.7289	31.4329	14.5	20	0
1144	76.0045	35.7975	10	20	0
1145	83.9283	77.413	7.2	20	0
1146	78.8897	95.0081	28.1	20	0
1147	79.9234	95.8665	7.3	20	0
1148	77.4272	90.8597	14.2	20	0
1149	77.3326	90.8264	21.5	20	0
1150	82.5949	86.337	20.9	20	0
1151	81.6186	86.899	10.5	20	0
1152	89.8313	84.0928	13.3	20	0
1153	89.6946	86.8122	8.8	20	0
1154	90.144	86.6281	21.5	20	0
1155	90.2333	87.4001	25.3	20	0
1156	92.1848	89.9584	9.4	20	0
1157	91.9012	90.4729	11.3	20	0
1158	93.4212	95.7741	9.6	20	0
1159	96.7136	84.8819	6.9	20	0
1160	96.073	79.3412	12.5	20	0
1161	96.5271	78.4897	5.9	20	0
1162	97.9576	70.3716	9.7	20	0
1163	98.2806	58.7516	11.9	20	0
1164	83.946	25.9327	18.1	20	0
1165	79.6399	27.7008	24.7	20	0
1166	85.2936	11.9708	14	20	0
1167	88.4447	17.8418	12.1	20	0
1168	90.8905	25.2508	25.7	20	0
1169	91.7533	48.0558	7.8	20	0
1170	92.6714	50.7176	6.6	20	0
1171	99.3728	37.8304	5.2	20	0
1172	96.2111	27.6069	31.7	20	0
1173	96.3679	21.895	13.8	20	0
1174	93.0614	23.9119	8	20	0
1175	95.146	17.3966	6.6	20	0
1176	98.295	7.0123	12.2	20	0
1177	97.0144	2.803	8.2	20	0
1178	99.6118	13.967	7.4	20	0
