Tree	x	y	dbh	species	height
1	29.5715	27.6895	5	22	0
2	29.011	30.3406	32	18	0
3	27.2586	34.7742	12	18	0
4	1.8888	1.9982	6.3	16	0
5	2.2797	1.8192	10.3	16	0
6	2.092	1.7964	5.5	15	0
7	6.053	2.3761	30.9	8	0
8	7.4045	4.046	15.2	17	0
9	25.95	37.0295	22	11	0
10	27.4003	36.3139	8	18	0
11	25.3039	35.5413	6.8	16	0
12	25.4044	35.5123	6.8	16	0
13	25.3703	37.7309	8	19	0
14	9.9459	7.1475	9.3	16	0
15	8.9574	8.4698	8.9	2	0
16	7.756	7.9728	40.1	8	0
17	7.9407	9.589	13.2	2	0
18	6.2905	9.8445	7.8	18	0
19	22.3262	42.0264	22	20	0
20	22.6755	40.7687	5	22	0
21	23.4985	42.8328	15.2	1	0
22	23.7813	42.9032	24	20	0
23	24.9774	42.3659	6.2	22	0
24	3.7823	9.4083	27.3	2	0
25	1.5425	14.2329	29.8	18	0
26	0.577	16.3948	7.8	16	0
27	3.4732	20.0719	36.5	8	0
28	6.172	20.4105	6	2	0
29	26.2751	42.4257	13.7	22	0
30	27.4121	42.85	9	16	0
31	30.3311	43.0415	5	18	0
32	32.5839	41.756	30	8	0
33	33.1745	42.1265	42	8	0
34	8.5425	17.6307	11.9	18	0
35	6.5459	25.8493	10	17	0
36	6.7796	25.6579	9.5	17	0
37	7.246	26.1178	32.5	17	0
38	13.8976	24.2944	9.2	16	0
39	33.7559	45.5864	32	16	0
40	37.686	45.5318	36	8	0
41	44.3818	46.5298	6.2	18	0
42	47.3199	42.8751	33	21	0
43	12.4228	27.8247	18.3	16	0
44	12.2988	28.466	35	22	0
45	16.4111	27.1865	6.5	22	0
46	15.6552	28.0855	8.2	12	0
47	14.5435	29.945	11.6	21	0
48	16.4767	32.0453	5.5	2	0
49	42.1847	38.5418	47	8	0
50	39.9128	38.1745	8	6	0
51	37.917	39.5046	5.4	16	0
52	38.0376	40.0576	5	8	0
53	14.3095	33.3211	27.9	22	0
54	15.2029	34.0717	12.5	12	0
55	14.8029	34.0884	11.4	21	0
56	13.6922	33.6125	7.6	18	0
57	12.3239	34.6113	29.6	7	0
58	12.266	33.8952	8.6	16	0
59	36.6347	35.6743	14	22	0
60	10.7969	35.5858	16.7	2	0
61	14.6208	38.2885	30	6	0
62	16.3411	37.9784	9	17	0
63	33.5765	34.386	7	22	0
64	33.5753	36.7932	5	16	0
65	18.5494	40.1471	9.6	16	0
66	28.4225	38.6395	13	18	0
67	27.0158	37.2783	5.2	16	0
68	19.8727	40.9622	11.8	21	0
69	19.1558	42.2605	7.5	20	0
70	19.2354	42.9702	47.8	13	0
71	30.8968	33.7597	12	16	0
72	34.4757	31.6321	22.6	20	0
73	18.3672	44.2236	5	16	0
74	34.4926	31.609	14.2	16	0
75	18.1943	44.7404	8	2	0
76	15.4386	46.825	40.5	19	0
77	35.8049	30.598	38.8	8	0
78	13.5217	46.6439	8.5	16	0
79	11.0643	46.093	19.7	17	0
80	40.6134	30.4181	8	18	0
81	11.2219	47.5773	17	17	0
82	6.5744	43.6642	49	6	0
83	42.3701	29.096	5.2	18	0
84	6.5681	40.022	48	9	0
85	6.321	36.7864	11.5	2	0
86	44.5007	27.8767	6.8	18	0
87	3.2744	41.2457	23.4	2	0
88	3.3651	43.7867	19	18	0
89	5.5116	46.7288	9.5	17	0
90	43.7725	29.8802	10.4	17	0
91	4.3096	47.4264	12	2	0
92	3.8532	51.0641	46	18	0
93	42.8653	27.6401	6.6	18	0
94	2.2117	30.4592	5.5	7	0
95	1.3654	27.3598	10.3	18	0
96	43.0123	25.8034	11.3	2	0
97	42.3002	24.4193	6.6	18	0
98	28.2743	27.1679	6.4	18	0
99	0.2703	23.375	18.6	2	0
100	45.6721	20.4849	9	1	0
101	2.0881	21.2385	5	22	0
102	13.387	0.7532	80	19	0
103	45.4455	24.6394	7.6	18	0
104	18.2361	1.4268	29.6	8	0
105	19.8009	3.7814	7.5	16	0
106	46.6673	25.0712	17.6	1	0
107	22.7149	3.6954	41	19	0
108	24.8924	3.9947	40	8	0
109	25.9881	6.4351	13.7	2	0
110	46.5433	26.5491	6.2	1	0
111	34.5814	0.9987	9.9	12	0
112	44.0028	31.8753	5.2	16	0
113	35.7793	1.9964	9	21	0
114	36.1856	1.2799	29.6	18	0
115	43.5564	32.4298	5	16	0
116	43.4696	32.6525	7	16	0
117	44.7114	32.2053	6	1	0
118	39.1906	1.8926	24.6	7	0
119	40.167	1.0498	12	6	0
120	40.0689	0.4289	13.8	6	0
121	45.83	33.716	5	16	0
122	40.6638	0.6325	12.8	6	0
123	40.6802	0.7579	7.5	6	0
124	46.4028	34.9487	5.8	1	0
125	45.1233	33.2218	7.2	16	0
126	44.4891	35.6676	8.9	16	0
127	41.2594	35.77	7.4	6	0
128	50.0065	34.8147	12.5	1	0
129	52.0694	34.7814	41.3	22	0
130	53.2136	33.7226	7.8	2	0
131	54.2999	31.1093	7.6	18	0
132	47.1577	1.1586	48.3	20	0
133	47.1872	0.202	6.4	18	0
134	53.9479	32.5852	7.6	2	0
135	52.9606	30.2119	5.3	16	0
136	50.3282	29.3137	5.5	16	0
137	50.5759	28.9107	11.1	17	0
138	48.5179	29.683	6.7	16	0
139	52.1277	28.4322	49.2	21	0
140	53.3367	24.4474	6.7	2	0
141	54.7497	23.6639	9.5	19	0
142	46.6074	0.7027	5	2	0
143	56.6914	25.1206	8.4	6	0
144	56.6866	24.8201	7.7	6	0
145	57.1482	24.4934	5.6	6	0
146	57.4344	24.8626	21.5	6	0
147	56.107	32.7393	52.2	6	0
148	48.4066	1.2781	5.2	2	0
149	58.3851	31.8081	10.4	2	0
150	59.8084	31.8418	18.9	2	0
151	60.6128	30.1423	5.6	2	0
152	62.5708	28.5975	31.4	8	0
153	62.7091	28.0467	7.2	2	0
154	62.6237	32.9639	5.2	2	0
155	62.5268	33.0131	9.8	2	0
156	64.788	33.5261	38.7	8	0
157	48.1387	5.3173	21.8	2	0
158	45.9393	5.6617	7.8	18	0
159	65.0618	32.7208	8.6	2	0
160	58.2311	39.6913	18	2	0
161	58.6299	40.1074	7.8	2	0
162	54.9028	40.7868	5.2	2	0
163	50.8307	39.92	10.5	2	0
164	51.9198	43.0006	7.2	2	0
165	49.6815	41.6925	10	2	0
166	49.3447	47.5887	8.2	16	0
167	43.7971	7.5089	21	8	0
168	37.07	6.4853	27	12	0
169	49.3786	47.7717	5.6	16	0
170	50.0646	48.4562	7.3	2	0
171	49.8755	49.1608	7.7	2	0
172	53.1241	48.9958	28.5	22	0
173	42.9635	7.9509	9.8	2	0
174	43.0072	9.0506	36.4	20	0
175	40.3395	8.3797	28.5	8	0
176	54.8748	47.5069	27	8	0
177	42.4728	11.7357	19.4	16	0
178	43.7672	13.2951	5.7	18	0
179	55.1213	48.4975	7.5	2	0
180	53.1477	48.218	5	2	0
181	42.7592	9.3516	9.4	16	0
182	41.2071	12.3442	8.5	19	0
183	42.3292	12.8788	10.2	16	0
184	42.3777	13.2765	61	9	0
185	41.4936	15.1718	14	19	0
186	40.5518	17.3679	11.5	20	0
187	57.4464	44.8109	12	18	0
188	39.1363	17.0027	6.5	16	0
189	58.0058	44.1668	24	18	0
190	61.9171	45.1	33.2	22	0
191	61.5313	43.0873	6.5	18	0
192	61.346	43.0791	5.8	18	0
193	61.7107	42.1501	6.7	18	0
194	61.9418	41.6354	5	2	0
195	61.8266	41.5672	5	2	0
196	65.5077	40.1692	39	22	0
197	65.1906	35.3629	5	2	0
198	36.9477	17.768	23.1	20	0
199	67.7258	32.1685	6	6	0
200	67.3725	31.9799	13.7	16	0
201	37.6201	19.782	24.5	19	0
202	34.2287	16.0648	11.4	21	0
203	38.5158	14.0903	16.4	18	0
204	35.5682	9.3691	14.8	8	0
205	31.5582	13.1494	14.3	18	0
206	31.0054	12.9685	13.1	2	0
207	73.8944	35.1091	26.6	8	0
208	30.0114	9.1211	6.3	18	0
209	71.6076	29.9556	24	8	0
210	73.6824	29.1403	33.1	22	0
211	29.159	9.4289	8.1	18	0
212	23.9832	8.7421	16.6	2	0
213	22.8078	8.332	18.8	18	0
214	24.1995	11.036	33.5	18	0
215	24.9874	11.8937	11.1	18	0
216	22.854	12.294	22.5	20	0
217	74.6122	37.9878	21.3	22	0
218	20.9161	13.7442	17	8	0
219	73.8909	40.4827	41.2	22	0
220	23.6591	15.485	9	16	0
221	23.5647	15.6097	5	16	0
222	21.3768	15.6126	27	20	0
223	21.167	15.5019	15.6	20	0
224	21.0691	16.8202	10.6	12	0
225	16.5913	16.5345	15.2	17	0
226	65.531	46.556	47.5	6	0
227	18.6844	12.7061	10.8	2	0
228	65.9156	46.4435	19.6	16	0
229	64.1642	49.4263	42.5	7	0
230	63.4308	51.4015	6	16	0
231	63.885	50.8526	16.5	16	0
232	63.5262	52.1638	31.2	6	0
233	59.6689	50.5147	32.2	22	0
234	58.4212	53.1496	5.5	2	0
235	61.0938	56.3837	20.3	16	0
236	56.2978	56.0545	19.8	22	0
237	66.1107	59.4024	8.9	2	0
238	16.2309	11.9589	50	6	0
239	72.4371	54.1233	33	20	0
240	15.3288	12.0176	11.6	16	0
241	17.3631	8.8651	28.8	19	0
242	16.1656	9.717	10.9	16	0
243	16.1286	12.2419	12.2	6	0
244	15.199	4.515	8	16	0
245	23.5603	20.2109	9.5	2	0
246	23.8826	6.1351	17.7	7	0
247	29.2543	18.0731	5	2	0
248	28.2706	19.1811	10	11	0
249	70.651	51.6471	12.3	17	0
250	29.7859	20.5744	8.3	2	0
251	25.3674	23.9595	8.8	20	0
252	24.2218	22.7032	29.7	8	0
253	20.4749	22.9113	38.5	8	0
254	32.7286	21.8156	28	3	0
255	32.7505	25.6467	20.1	19	0
256	25.8895	29.4082	39	8	0
257	19.1777	30.2899	32.5	8	0
258	19.5673	30.2597	5.5	2	0
259	72.4946	51.5222	28.2	7	0
260	74.6347	52.8947	6.3	22	0
261	77.0364	50.2933	42.9	9	0
262	79.4657	46.0082	25.5	8	0
263	74.0612	46.2544	39.3	2	0
264	80.4171	40.0234	27	16	0
265	77.8664	37.5907	27.8	8	0
266	79.8356	35.2317	24.9	18	0
267	81.0288	31.9535	25.8	8	0
268	79.0075	30.2861	6.1	2	0
269	78.5983	26.1688	22.5	2	0
270	73.7306	25.2326	5.6	2	0
271	79.3578	25.3118	10.3	18	0
272	68.2853	21.9866	7.5	2	0
273	67.5872	21.4513	34.7	8	0
274	67.3586	24.7777	12.7	2	0
275	64.9694	22.1319	6	2	0
276	64.4311	21.0624	7.5	2	0
277	62.6082	19.8738	8.4	16	0
278	60.4736	19.8114	6.6	9	0
279	59.9837	18.6372	18.6	7	0
280	59.7374	18.4245	13.7	16	0
281	67.2574	15.4806	32.3	2	0
282	68.9066	13.4079	35.7	18	0
283	68.2864	12.4394	7.4	18	0
284	68.2816	12.6335	7.5	18	0
285	68.0337	12.4706	14.5	18	0
286	68.1946	12.5078	5.2	18	0
287	73.1629	10.3012	30	8	0
288	78.256	14.8914	49.2	18	0
289	78.159	15.4578	9.3	18	0
290	76.7264	16.5565	33.3	22	0
291	78.4641	18.2701	14.4	6	0
292	78.5074	18.5117	9.9	22	0
293	76.9254	18.8167	29.4	10	0
294	82.0813	18.5214	13.7	2	0
295	83.1029	17.3231	7.4	16	0
296	86.0318	18.7105	48.6	18	0
297	83.9501	22.9326	39	21	0
298	85.205	23.2096	34.4	22	0
299	84.1212	27.1249	7	17	0
300	88.6409	27.2453	32.3	2	0
301	87.3429	30.7761	28.9	22	0
302	83.3214	30.5333	20.2	21	0
303	84.4336	32.0007	11.8	17	0
304	86.5587	36.9352	29.5	8	0
305	84.0716	39.8125	20	8	0
306	84.9869	41.6817	28.5	8	0
307	91.4751	35.6616	35.6	6	0
308	92.1948	35.3864	26.1	22	0
309	96.8003	29.3404	20.9	11	0
310	98.6826	28.648	20.5	7	0
311	5.8979	57.011	19.2	2	0
312	5.8005	56.7105	7.1	2	0
313	7.7913	56.6772	5	2	0
314	6.435	57.3522	7.3	2	0
315	6.7444	53.1159	18.4	2	0
316	6.5202	58.8961	19.8	21	0
317	6.1282	60.7962	9.6	2	0
318	5.0101	62.7314	5.3	2	0
319	2.2363	65.0164	6.8	2	0
320	3.285	65.6615	5.7	2	0
321	1.6112	76.3211	16.6	18	0
322	2.4281	77.8904	5.9	2	0
323	2.9655	78.6354	15.8	2	0
324	1.5002	79.6907	10.4	18	0
325	1.7264	79.9129	9	18	0
326	1.6856	82.2137	36.4	8	0
327	1.5713	79.6877	10.6	2	0
328	5.8256	86.5906	13	7	0
329	6.9357	89.8168	22.9	16	0
330	3.3244	93.8675	7.2	4	0
331	2.0001	96.6141	8	16	0
332	2.2943	97.0999	9.7	16	0
333	4.9515	99.4199	6.3	16	0
334	7.2657	94.5993	40	9	0
335	7.6072	94.8827	37.5	9	0
336	10.248	94.9336	48.4	19	0
337	10.6126	93.0273	5.8	6	0
338	14.4806	96.4993	11.1	17	0
339	14.6434	96.4274	10.9	17	0
340	16.5482	96.7957	15.5	11	0
341	17.5083	91.7439	27.3	9	0
342	13.4586	89.1822	7.5	16	0
343	13.082	89.6313	27.5	2	0
344	12.0166	86.2592	16.8	17	0
345	11.8107	87.0156	21	17	0
346	12.3653	85.9285	15.8	17	0
347	12.7367	86.1363	10.3	17	0
348	11.2229	81.7193	13	19	0
349	12.0375	74.7754	30.2	19	0
350	8.6013	73.5643	32	22	0
351	6.6484	73.8942	5.5	19	0
352	8.7431	71.7845	23.5	19	0
353	8.0937	67.9064	38	8	0
354	9.3882	67.5317	35	22	0
355	11.0549	65.9031	33.3	22	0
356	11.3483	66.2397	9.1	22	0
357	11.4525	66.2623	6	22	0
358	11.0962	62.4256	32.3	8	0
359	10.0204	59.6468	14.9	16	0
360	10.2869	59.6118	13.9	16	0
361	17.5411	53.9772	28.4	16	0
362	18.1261	56.2688	17.6	2	0
363	17.1408	57.8267	41.1	6	0
364	18.2141	58.5862	20.6	16	0
365	14.8946	59.5274	12.9	7	0
366	14.0546	63.0552	13.4	2	0
367	19.9921	63.0681	6.7	10	0
368	20.1009	63.0124	9.1	10	0
369	16.2423	69.0278	26	20	0
370	12.1166	70.4181	18.5	18	0
371	18.0171	71.4085	16.8	21	0
372	19.4675	70.2249	20	7	0
373	19.5788	70.7507	44.8	7	0
374	20.5588	69.9084	15.6	19	0
375	21.5646	69.4672	14.1	6	0
376	21.8671	68.1734	8.5	19	0
377	25.2909	73.2384	7.5	2	0
378	27.9475	75.498	7	2	0
379	30.1706	74.8487	12	22	0
380	30.3644	74.74	12.8	22	0
381	31.372	77.1957	5.8	2	0
382	29.6955	77.9832	6	18	0
383	29.9758	78.0971	6.8	18	0
384	29.8948	81.0509	25	8	0
385	30.1672	80.1731	5	2	0
386	23.198	82.3525	39.8	8	0
387	20.871	80.0682	9.5	6	0
388	21.0215	80.2979	6.5	6	0
389	19.5125	81.4208	5.5	18	0
390	19.0603	81.7696	5.3	6	0
391	18.4286	83.2985	31.5	8	0
392	17.1838	83.8675	26.1	7	0
393	21.784	83.2409	6.3	2	0
394	21.8681	84.0997	43.5	9	0
395	27.8311	86.8165	6.6	2	0
396	28.6297	90.4057	11.2	16	0
397	28.4797	90.4573	5.8	16	0
398	29.3125	90.5992	15.1	6	0
399	31.187	88.2637	10.9	6	0
400	23.2416	91.3179	5.8	19	0
401	24.2752	91.2845	91.3	19	0
402	23.2113	94.1939	7	16	0
403	24.1818	94.4819	9.5	16	0
404	26.5212	97.4386	38	6	0
405	22.3558	99.0517	22.8	11	0
406	25.3734	98.6231	12	13	0
407	33.3835	95.4834	54.2	18	0
408	34.1257	96.9886	12.7	17	0
409	32.4559	96.6291	5.2	22	0
410	37.6809	97.832	31.2	18	0
411	38.0479	97.8962	29.9	18	0
412	43.9091	98.5121	6	2	0
413	46.2327	93.8872	6.2	2	0
414	43.8326	94.9873	5.3	16	0
415	42.1364	92.6793	33	18	0
416	39.1877	92.4581	12	18	0
417	39.5348	90.1906	39.3	18	0
418	35.2322	90.9401	12.2	18	0
419	35.0188	90.8864	37.3	18	0
420	42.5373	85.4642	20.7	16	0
421	43.0544	80.4264	6.3	16	0
422	45.7106	80.4221	33.9	8	0
423	36.4686	79.2744	15.8	18	0
424	34.5883	79.6439	21.7	8	0
425	35.5028	76.3114	11.8	6	0
426	36.347	75.5585	11.2	18	0
427	34.9546	74.9459	9.5	17	0
428	37.1803	73.4673	34.6	22	0
429	32.3142	68.9487	10.1	18	0
430	32.2374	68.8063	7.6	18	0
431	32.1095	68.8151	9.6	18	0
432	28.502	70.7367	39	18	0
433	28.2084	67.2196	6.5	18	0
434	29.2243	64.906	9.8	20	0
435	31.0298	65.1562	38	7	0
436	31.5586	62.9961	8.3	2	0
437	32.436	65.9296	6.2	6	0
438	29.0475	61.2201	7.6	19	0
439	28.3162	61.0194	6	22	0
440	29.2439	60.7671	5.6	22	0
441	24.555	63.4393	20	6	0
442	29.7875	60.5027	6.9	22	0
443	27.9821	62.0534	11.5	19	0
444	27.5032	62.2546	19.6	21	0
445	22.6154	58.3974	9.3	16	0
446	22.9409	57.1183	8.9	6	0
447	23.2385	57.157	22	6	0
448	27.9497	45.3531	7.1	17	0
449	29.0656	45.9607	23	20	0
450	29.4324	47.8469	11.4	22	0
451	28.25	47.9122	10.2	16	0
452	29.4923	48.7423	12	18	0
453	29.6537	48.9039	13	18	0
454	27.7915	49.6303	30.5	22	0
455	28.9612	50.4987	6.3	2	0
456	28.9088	50.7027	5.9	2	0
457	34.2181	47.9463	17.1	2	0
458	30.1946	53.2874	21	8	0
459	30.5279	54.6909	26.8	8	0
460	29.4287	56.0766	6.2	2	0
461	36.8827	56.6787	22.1	16	0
462	38.6728	50.1471	28.7	7	0
463	38.695	51.7514	23	7	0
464	39.3147	52.4473	6	16	0
465	40.1922	52.6375	12.1	9	0
466	43.8943	50.4863	9.2	2	0
467	44.2901	51.6468	31.9	8	0
468	47.5961	51.3715	41.4	22	0
469	46.2417	52.7413	9.5	2	0
470	49.1108	56.3101	15.8	6	0
471	49.0685	56.7294	11.9	6	0
472	45.9613	59.1623	6.7	16	0
473	44.399	59.854	42.5	18	0
474	39.6245	57.3177	17	21	0
475	34.7385	62.4761	5.7	2	0
476	34.8809	63.1387	5.4	2	0
477	38.7336	63.5297	24.6	8	0
478	40.6052	65.3334	45.8	22	0
479	43.7169	63.2929	24.5	16	0
480	47.8516	65.0534	12.3	18	0
481	50.3353	60.6378	99	19	0
482	50.4721	68.0667	8	19	0
483	47.2496	70.373	37.8	22	0
484	43.6648	70.8391	20.4	22	0
485	44.0647	71.495	19.8	21	0
486	41.8536	74.3861	30.6	21	0
487	43.281	75.4673	9.5	18	0
488	46.8908	74.8115	31.5	8	0
489	51.7313	73.6988	7.1	18	0
490	54.1329	65.99	30.4	18	0
491	57.0411	70.9035	76	19	0
492	60.4465	72.5021	23.8	18	0
493	61.3326	73.0242	38.6	21	0
494	60.0191	76.399	37.4	21	0
495	61.069	78.8563	30.7	13	0
496	57.63	79.0301	7.4	16	0
497	56.2837	77.0889	7.5	16	0
498	54.5279	78.733	10.2	22	0
499	53.9627	78.0681	6.6	2	0
500	50.9333	78.6155	6.3	2	0
501	47.4926	81.6738	7.4	2	0
502	49.1478	82.0958	10.5	22	0
503	49.336	84.4484	8	19	0
504	49.6122	84.9073	13.7	22	0
505	48.0497	86.216	33.7	8	0
506	49.4853	87.7584	11.9	6	0
507	48.1726	88.4156	7.1	16	0
508	50.646	88.4033	11	16	0
509	51.7454	87.1715	7.6	9	0
510	48.8322	90.0708	9.3	18	0
511	51.7833	90.0976	26	9	0
512	54.5208	83.5356	15	11	0
513	56.1645	82.297	16.1	16	0
514	55.6464	83.7679	12.2	20	0
515	56.4084	85.7768	8.1	16	0
516	55.4328	86.863	14.1	16	0
517	59.3215	85.9563	13.7	16	0
518	59.4857	86.0488	13	16	0
519	59.9866	84.186	27.4	8	0
520	60.2487	84.0661	30.2	8	0
521	58.5784	83.4613	16.4	9	0
522	59.3881	82.146	19.2	20	0
523	63.6583	82.355	26.6	8	0
524	64.3465	87.5708	22.2	8	0
525	63.5916	83.0247	6.5	2	0
526	64.5625	87.926	27	8	0
527	65.3222	89.3884	12.4	9	0
528	62.5638	88.8423	6.2	22	0
529	61.3239	89.3837	21.2	20	0
530	66.6352	90.7723	16	10	0
531	66.5393	91.7718	40.8	18	0
532	63.4484	92.8982	10.3	16	0
533	57.7775	92.1757	10	22	0
534	57.4459	92.2247	11	16	0
535	56.7128	92.2723	13.1	20	0
536	55.0433	90.9507	10.9	20	0
537	55.0423	92.6936	18.7	11	0
538	53.6564	92.1403	15.1	11	0
539	49.3243	94.4337	33	22	0
540	50.7769	94.9266	18.8	19	0
541	53.3112	95.2905	27.4	22	0
542	69.2093	97.54	7.3	2	0
543	66.7729	99.4731	30.8	8	0
544	55.9333	95.4966	8.4	22	0
545	66.5623	99.2052	16.9	9	0
546	73.7286	96.9662	14.3	2	0
547	73.955	94.2205	19.8	8	0
548	75.3005	99.9368	6.6	2	0
549	75.7783	96.2048	7.1	2	0
550	76.8049	93.8455	9.6	20	0
551	75.8071	92.5397	8	2	0
552	75.7149	92.4614	7.4	2	0
553	72.471	90.6996	6.5	22	0
554	72.0214	90.4432	15.2	7	0
555	69.6094	89.3359	24	8	0
556	67.1147	89.7422	7.3	2	0
557	66.6141	85.7918	12.1	16	0
558	66.619	85.95	9.8	16	0
559	70.8798	88.6392	17.8	17	0
560	73.3224	87.2588	38.5	6	0
561	69.4594	83.478	11.6	16	0
562	69.4582	82.8611	7.7	16	0
563	68.0011	82.066	14.5	20	0
564	70.983	80.6064	23.2	8	0
565	71.3806	80.7743	20	8	0
566	67.2209	80.1061	5.6	22	0
567	66.0528	77.5144	11.2	22	0
568	69.6917	75.7827	15	2	0
569	69.6233	74.8117	13	22	0
570	64.7769	74.8225	27.6	8	0
571	67.1005	75.5074	5.5	2	0
572	70.1831	70.3671	21.8	2	0
573	68.2132	68.9601	30	7	0
574	66.3986	64.2169	9.3	20	0
575	60.6896	63.893	6.7	16	0
576	66.357	61.9427	6.5	10	0
577	66.5209	61.5766	6.6	10	0
578	62.7545	60.8782	31.2	7	0
579	63.5496	68.1306	10	16	0
580	60.5494	64.0213	6.6	16	0
581	53.4121	63.6544	9.3	16	0
582	59.0015	61.481	12.5	16	0
583	53.0184	58.8982	13.6	16	0
584	74.7644	64.0672	26.8	2	0
585	72.4255	64.9837	18.6	8	0
586	74.8329	66.5641	36.1	8	0
587	79.3242	63.4473	38	8	0
588	78.74	66.7915	5.8	2	0
589	80.6857	69.8341	34.2	21	0
590	83.089	56.9558	34.5	22	0
591	83.9105	57.0068	22	2	0
592	83.9731	57.611	40.5	22	0
593	84.7436	56.8535	39	22	0
594	83.097	60.4387	14	2	0
595	82.9272	62.7076	28.5	6	0
596	82.7551	63.0731	10.2	6	0
597	83.3822	63.4016	7	18	0
598	83.2252	66.7982	16.1	2	0
599	84.2631	66.1144	5.5	18	0
600	87.4572	74.8934	8.5	2	0
601	85.0064	75.4762	7	2	0
602	84.2746	76.2595	33.6	20	0
603	86.2796	78.4273	5.8	2	0
604	79.8321	75.4426	5	2	0
605	81.7684	78.6432	10	2	0
606	77.4583	77.6889	8.6	18	0
607	74.4948	74.7872	24.4	8	0
608	73.962	74.4245	5	2	0
609	73.8344	77.6175	6	18	0
610	73.9773	77.7624	5.6	18	0
611	72.8028	78.5993	42.2	8	0
612	72.075	78.282	8.2	2	0
613	77.178	80.2507	17.1	2	0
614	77.4116	85.3276	10.8	20	0
615	80.8431	85.4712	7.8	2	0
616	80.8229	86.2898	24.9	8	0
617	78.5783	88.9641	8.2	2	0
618	78.6684	89.1336	8.3	2	0
619	87.8631	82.3666	42.6	6	0
620	88.0985	82.6237	17	6	0
621	89.3281	83.7462	25.2	7	0
622	88.6864	84.4556	24.1	7	0
623	86.4111	87.3174	36.8	9	0
624	89.2529	90.7136	8.2	20	0
625	86.8513	91.5722	11.7	17	0
626	89.3178	93.5772	8.4	17	0
627	86.0317	91.8118	14.8	18	0
628	87.1031	94.948	36.8	8	0
629	86.1427	96.4649	11	2	0
630	87.0917	97.5817	5.3	18	0
631	85.0737	98.1366	11.4	18	0
632	82.1777	95.9702	27.6	8	0
633	82.7981	97.2535	14	18	0
634	80.9137	96.0943	21.6	8	0
635	80.5736	95.9822	19.6	8	0
636	80.6839	94.1977	12	2	0
637	81.0438	98.7874	27.5	8	0
638	77.7472	99.3467	19.2	8	0
639	77.4643	99.3929	20.5	8	0
640	88.6848	99.8055	9.5	2	0
641	92.9207	98.6579	9.9	20	0
642	99.3152	98.1083	28.5	8	0
643	99.1113	98.1245	6	20	0
644	99.3769	96.042	14	22	0
645	93.213	90.4415	5.6	16	0
646	94.8598	86.8509	10	2	0
647	92.6886	85.666	18.7	9	0
648	94.2946	80.7032	12.9	17	0
649	95.7511	82.2624	5.9	2	0
650	94.2676	78.6221	17	20	0
651	93.4122	77.8783	8.5	2	0
652	94.995	73.8992	6.2	16	0
653	94.621	73.3629	18.8	16	0
654	94.6714	73.1895	14.6	16	0
655	90.3507	73.6475	25	20	0
656	90.5006	72.4029	6.8	2	0
657	88.0312	71.3146	6.3	4	0
658	92.0163	71.793	10.5	20	0
659	89.6357	70.4644	15.5	20	0
660	92.0189	69.0884	42	22	0
661	97.6017	64.3006	22	16	0
662	99.791	59.7684	8.8	11	0
663	82.1316	43.3826	6	16	0
664	91.4781	64.9287	38.5	22	0
665	92.0633	64.3834	7.5	2	0
666	99.0714	68.1903	21.8	19	0
667	92.1256	63.1077	45	22	0
668	93.0014	63.1614	6	2	0
669	89.0393	55.1241	19.6	8	0
670	88.8106	55.1868	22	8	0
671	88.0712	52.8102	8	18	0
672	87.4096	52.6688	9.2	11	0
673	91.1744	50.9422	16.4	8	0
674	88.6072	47.2513	9.3	18	0
675	89.4331	45.1134	11.1	9	0
676	90.3469	42.5401	20.8	8	0
677	88.0707	42.6522	29.1	2	0
678	85.4867	44.7988	35.5	8	0
679	85.1343	44.6617	9.1	19	0
680	83.5923	46.1879	30	22	0
681	83.122	46.695	5.8	20	0
682	82.5605	44.281	7	2	0
683	82.1616	43.4915	6.8	16	0
684	98.1934	43.8964	24.4	8	0
685	98.0741	40.6593	25.2	8	0
686	99.0017	40.9974	11.5	4	0
687	98.9311	41.754	10.8	4	0
688	98.5329	38.6014	15.6	8	0
689	99.7269	37.9592	23.3	8	0
690	97.6467	26.0318	6.4	22	0
691	87.7559	21.8834	6.1	16	0
692	89.1441	20.2596	34	18	0
693	89.4943	17.8346	35.5	18	0
694	92.0795	17.7955	21.9	2	0
695	89.7808	14.7594	53.5	18	0
696	90.3075	13.4829	13	2	0
697	94.703	11.205	43	5	0
698	97.1915	13.0607	29.4	18	0
699	97.9874	10.0372	28.5	18	0
700	94.6068	5.9304	31	18	0
701	93.9948	5.1611	11	18	0
702	92.2595	6.1029	23.4	18	0
703	91.5659	6.764	6.1	17	0
704	93.9213	2.4836	27.1	18	0
705	86.8515	8.8195	29.3	22	0
706	85.2167	9.4977	8.6	2	0
707	82.577	8.7914	23.1	18	0
708	84.8257	6.1507	17	2	0
709	85.2835	3.0068	46	6	0
710	84.7635	0.7599	7.6	2	0
711	85.1526	1.173	5.3	2	0
712	78.5857	0.0701	30	8	0
713	79.0983	4.1451	5	16	0
714	77.6982	5.8664	41	11	0
715	77.4115	5.1273	14	16	0
716	76.2843	3.3232	31.5	2	0
717	76.5212	3.7725	5.6	16	0
718	73.3722	2.6141	34.5	5	0
719	73.2677	5.1781	5.7	16	0
720	68.9885	3.3964	40.6	16	0
721	69.6466	2.4173	5.5	16	0
722	65.217	2.8616	8.2	17	0
723	61.6013	0.014	17.3	8	0
724	57.759	4.432	14.4	20	0
725	57.4552	5.9353	18.4	2	0
726	58.2892	7.2386	28.8	8	0
727	59.0141	9.181	38.2	8	0
728	57.132	9.3831	16	2	0
729	56.443	9.8371	10.5	2	0
730	58.875	9.5623	13.6	18	0
731	60.4012	9.9308	8.4	22	0
732	62.1502	11.3354	33	8	0
733	59.9485	12.9507	11	22	0
734	51.2553	21.3117	8.6	18	0
735	49.0453	23.0118	40.5	7	0
736	54.5773	17.8803	5.9	2	0
737	51.2156	16.2265	7.3	18	0
738	48.1832	16.5883	27	16	0
739	45.7127	15.7109	31	8	0
740	51.3208	10.956	10	2	0
741	48.1332	9.2865	13.2	16	0
742	50.664	8.5817	32	8	0
743	50.7299	8.4448	19	16	0
744	52.2386	3.9035	25.5	8	0
745	18.7019	45.9502	15.4	16	0
746	28.3699	70.2457	7.5	2	0
747	39.3574	4.3405	6.3	2	0
748	39.5232	4.3839	10	2	0
