Tree	x	y	dbh	species	height
1	91.1239	68.3048	9.9	1	0
2	91.0233	68.093	7.8	1	0
3	96.4231	71.5728	8.6	1	0
4	96.3771	73.3524	6.2	1	0
5	86.1199	53.8205	6.5	1	0
6	88.6508	1.0541	6.3	1	0
7	81.4778	73.1218	5.5	1	0
8	80.0404	60.4681	7	1	0
9	78.5158	56.1929	5.7	1	0
10	80.2593	37.9654	14.1	1	0
11	80.4262	25.2791	8.1	1	0
12	80.2576	25.2046	7	1	0
13	65.0623	73.4963	5.8	1	0
14	65.1156	79.962	6.9	1	0
15	62.9186	41.905	5.8	1	0
16	50.8176	75.9671	8.5	1	0
17	51.4344	75.2934	7.6	1	0
18	90.4529	78.3539	5.6	1	0
19	80.4241	80.802	6.4	1	0
20	78.977	75.7203	5.1	1	0
21	78.9784	79.8715	5.7	1	0
22	72.4942	84.3862	5.4	1	0
23	43.2521	89.91	6.5	1	0
24	72.7108	77.7265	6.8	1	0
25	96.8728	93.4364	15.7	2	0
26	92.0166	95.1175	9	2	0
27	96.7709	44.6108	5.8	2	0
28	89.7748	5.7859	6.1	2	0
29	85.5575	1.2462	11.7	2	0
30	76.3005	85.3795	9.5	2	0
31	67.3438	74.2405	7.5	2	0
32	75.5565	73.5319	6.3	2	0
33	78.378	70.7997	6.25	2	0
34	80.78	62.0378	7.1	2	0
35	72.8248	1.9269	6.4	2	0
36	66.9912	0.7345	12.3	2	0
37	69.0943	6.7982	10.8	2	0
38	70.3107	7.1843	15.5	2	0
39	68.9065	8.1869	11.5	2	0
40	71.7281	29.4696	5.8	2	0
41	72.1051	31.0448	15.6	2	0
42	72.7635	30.8273	11.9	2	0
43	64.9142	39.5468	6.3	2	0
44	70.2025	62.8798	7	2	0
45	73.7392	61.8355	8.7	2	0
46	74.8881	68.1152	6.1	2	0
47	74.4492	68.3399	6.4	2	0
48	62.2593	71.9291	11.5	2	0
49	54.7874	47.9307	5.7	2	0
50	67.319	30.0013	10	2	0
51	64.6843	10.1041	8.4	2	0
52	65.4079	5.8542	9.6	2	0
53	59.066	21.4316	6.8	2	0
54	54.7212	25.5232	6.7	2	0
55	45.9805	57.7651	5.65	2	0
56	92.7224	70.8323	5.2	2	0
57	40.2762	70.647	30	2	0
58	44.7557	63.4801	5.7	2	0
59	43.0928	58.2254	5.6	2	0
60	37.7112	46.329	11.1	2	0
61	40.2604	46.3116	7.9	2	0
62	40.1219	46.6162	6.6	2	0
63	44.9775	41.3043	7.7	2	0
64	48.7503	39.5996	6.6	2	0
65	55.3232	11.825	6.1	2	0
66	37.388	39.0043	33.8	2	0
67	36.1602	41.9202	6.9	2	0
68	35.5092	43.7925	9.1	2	0
69	36.9908	61.1436	5.4	2	0
70	25.3155	60.2982	20.7	2	0
71	29.8158	62.2961	8.7	2	0
72	29.5525	57.5596	11.4	2	0
73	24.96	52.38	11.8	2	0
74	23.0194	51.8163	13.2	2	0
75	22.5369	51.2248	10.5	2	0
76	28.0453	40.762	5.1	2	0
77	37.2936	3.206	7.7	2	0
78	26.712	12.271	6.8	2	0
79	28.4737	6.4263	6.3	2	0
80	22.3481	11.0194	14.3	2	0
81	22.7283	45.4746	6.9	2	0
82	12.8928	61.6132	8.3	2	0
83	18.9823	39.4877	12.2	2	0
84	20.3393	37.4538	9	2	0
85	15.8064	34.0523	5.7	2	0
86	22.4622	21.9634	22.2	2	0
87	21.8288	20.006	14.4	2	0
88	13.9743	14.0677	15.6	2	0
89	5.7377	41.6938	22.3	2	0
90	37.1967	60.7396	5.6	2	0
91	1.6477	29.0006	6.5	2	0
92	9.6502	22.6527	14.95	2	0
93	36.3131	57.4133	5	2	0
94	80.8415	99.1348	29.7	2	0
95	62.9306	96.7483	16.8	2	0
96	61.3624	94.1262	5.3	2	0
97	58.5223	85.0166	5.5	2	0
98	55.4771	83.7591	6.6	2	0
99	48.4812	81.9427	5	2	0
100	44.4556	93.7957	5	2	0
101	35.85202979	82.2676205	7.9	2	0
102	25.1325	83.0992	14.4	2	0
103	23.2429	83.7152	7.7	2	0
104	9.0437	83.7886	12.7	2	0
105	6.5247	86.7891	7.5	2	0
106	30.6024	89.0604	13.9	2	0
107	38.2555	89.4149	6.4	2	0
108	52.6195	36.8144	22.1	2	0
109	10.1567	66.4191	6.6	2	0
110	41.4737	98.928	9.4	2	0
111	22.7105	98.3341	16.3	2	0
112	1.1543	77.5189	13.2	2	0
113	1.8726	58.3153	5.8	2	0
114	95.038	91.5567	9.2	2	0
115	71.5001	29.7956	5	2	0
116	66.9088	74.6807	6.2	2	0
117	47.07198513	60.32186753	9.1	2	0
118	34.36033406	88.75901717	10	2	0
119	37.66290151	94.61100677	10.1	2	0
120	93.8456	86.5004	20.5	3	0
121	84.5209	49.3913	15.9	3	0
122	87.5933	24.5126	12.8	3	0
123	87.4348	33.7399	39.3	3	0
124	77.8602	46.8844	9.7	3	0
125	20.5055	73.4133	10.2	3	0
126	93.11346314	31.51871936	29.8	3	0
127	98.4851	6.2422	18.3	4	0
128	94.8831	31.1895	46	4	0
129	82.2038	2.5014	23.1	4	0
130	78.847	34.9649	6.4	4	0
131	76.8055	8.2088	6.8	4	0
132	72.8437	6.2827	7.5	4	0
133	66.2639	85.7376	33.6	4	0
134	48.9818	81.4462	12.4	4	0
135	45.1979	33.8722	16.15	4	0
136	36.0134	8.1028	10.3	4	0
137	20.7478	28.8419	17.3	4	0
138	21.0238	28.9668	17.2	4	0
139	13.0051	11.93	33	4	0
140	24.7578	47.5214	5.3	4	0
141	7.3236	74.2063	36	4	0
142	9.2414	54.5986	5.7	4	0
143	26.7794	98.5053	6.5	4	0
144	76.95659853	10.71192193	20	4	0
145	70.2595	52.652	12.3	5	0
146	80.4468	35.1401	6.9	5	0
147	82.1346	33.0849	8.1	5	0
148	78.9364	30.2536	8	5	0
149	79.2471	27.9345	15.3	5	0
150	74.0873	25.1732	11.7	5	0
151	67.481	43.2728	8.7	5	0
152	52.3293	59.9725	12.7	5	0
153	52.7955	57.9106	21.8	5	0
154	40.3822	55.1086	32.9	5	0
155	48.1764	8.6733	8.4	5	0
156	27.3573	48.576	20.9	5	0
157	30.3482	26.7345	19.7	5	0
158	30.2513	25.9468	15.3	5	0
159	30.6867	24.0842	14.6	5	0
160	29.5356	22.6144	19.3	5	0
161	28.7324	23.0418	14.3	5	0
162	27.9924	25.9583	22.5	5	0
163	86.4915	88.1714	5.6	5	0
164	14.3697	79.3073	39.4	5	0
165	4.8115	74.6078	36.2	5	0
166	25.2133	93.737	51.1	5	0
167	67.6325	73.1039	12.6	6	0
168	78.1435	71.3947	19	6	0
169	58.2696	46.6991	13.9	6	0
170	34.3969	75.5915	25.9	6	0
171	26.9256	26.8501	19.8	6	0
172	3.7146	0.9712	19.4	6	0
173	3.6336	0.4719	16.7	6	0
174	30.5363	82.4827	26.4	6	0
175	1.6062	55.4643	7.6	7	0
176	97.5118	21.7714	38.2	8	0
177	98.9232	34.2973	6.8	8	0
178	90.6161	11.0967	76.5	8	0
179	84.1195	24.2034	23.8	8	0
180	87.1695	34.7635	25.6	8	0
181	78.0859	51.9005	13.5	8	0
182	75.5505	50.0415	8.2	8	0
183	75.1008	52.7195	15.5	8	0
184	69.8259	49.9574	8.4	8	0
185	77.5466	46.1986	14.2	8	0
186	69.3303	36.6856	6.6	8	0
187	66.6361	57.2501	19.65	8	0
188	62.4305	63.311	26	8	0
189	50.1466	49.1503	23	8	0
190	57.2604	65.4518	43.3	8	0
191	40.6102956	84.14572781	34.3	8	0
192	47.4919	31.4907	5.3	8	0
193	41.8699	29.3637	39.5	8	0
194	39.6661	27.6198	34.6	8	0
195	25.7986	27.4813	13.2	8	0
196	14.4206	31.8699	53	8	0
197	1.7252	40.8969	26.2	8	0
198	6.4137	35.7691	16.2	8	0
199	83.9411	99.8585	45.8	8	0
200	49.0642	87.037	25.8	8	0
201	37.8848	87.2975	50.5	8	0
202	1.1823	0.3333	52.3	8	0
203	0.3896	69.1045	53.6	8	0
204	95.6664	35.7581	25	9	0
205	99.3707	42.1971	25.8	9	0
206	97.6526	41.9001	25.9	9	0
207	92.3192	63.7664	35.6	9	0
208	91.9891	66.5371	21.6	9	0
209	72.7457	81.9129	30	9	0
210	90.8564	77.8319	44.4	9	0
211	85.2411	68.1003	33.2	9	0
212	84.9416	57.9845	36.5	9	0
213	87.9747	53.5918	24.25	9	0
214	89.2664	47.1066	30.7	9	0
215	90.8087	46.3722	26.2	9	0
216	93.9734	40.5292	36.3	9	0
217	85.749	2.0238	40.8	9	0
218	85.8133	18.0192	25	9	0
219	89.2249	41.9582	28.4	9	0
220	86.0817	44.6287	23.2	9	0
221	81.2508	59.8296	20.9	9	0
222	78.1928	90.7231	22.1	9	0
223	79.2403	87.755	32.3	9	0
224	79.8283	83.7275	32.8	9	0
225	74.7542	84.8429	19.3	9	0
226	72.7417	88.506	32.8	9	0
227	71.1726	71.8716	40.6	9	0
228	75.9098	75.7254	19.7	9	0
229	80.1064	61.1537	28.9	9	0
230	77.9197	58.0168	24.3	9	0
231	75.8987	41.1723	30	9	0
232	75.0558	38.7718	29.5	9	0
233	69.4951	1.3131	24.1	9	0
234	69.397	18.6437	33.3	9	0
235	67.0268	23.5277	29.6	9	0
236	63.7302	21.2659	25.5	9	0
237	62.7112	80.635	27.6	9	0
238	64.0423	85.3032	18.4	9	0
239	55.6209	76.8594	22.5	9	0
240	57.8601	70.779	31.15	9	0
241	63.0315	71.3762	35.2	9	0
242	61.5322	59.9753	37.4	9	0
243	58.6196	51.8368	37.3	9	0
244	56.294	49.8641	26.2	9	0
245	60.8488	41.5767	42.2	9	0
246	61.9974	30.2357	32.2	9	0
247	65.681	28.8114	22.3	9	0
248	58.4552	28.3814	26.1	9	0
249	58.8963	8.8305	45.1	9	0
250	58.7968	19.7399	24.5	9	0
251	57.6684	21.1742	22.3	9	0
252	54.4725	24.602	29.7	9	0
253	57.6204	30.8282	26.7	9	0
254	57.7385	34.1508	21.4	9	0
255	49.6362	66.1907	33.5	9	0
256	43.7846	65.3018	33	9	0
257	44.8278	61.0191	28.2	9	0
258	42.5662	57.0602	32.7	9	0
259	38.2819	59.4896	24.9	9	0
260	39.301	45.8321	27.5	9	0
261	44.2624	46.116	25	9	0
262	54.4396	15.7024	22.2	9	0
263	50.166	0.9403	39.3	9	0
264	46.8962	35.0452	29.3	9	0
265	41.3506	32.5712	18	9	0
266	38.3373	41.6911	28	9	0
267	34.2945	47.1333	18.1	9	0
268	32.7837	59.5534	23.2	9	0
269	27.1368	73.8392	20.9	9	0
270	25.0021	68.8708	37.2	9	0
271	23.16	56.749	51.1	9	0
272	29.927	45.7496	30.9	9	0
273	28.3738	41.8833	26.6	9	0
274	28.185	40.4751	23.8	9	0
275	36.4849	28.5261	28.3	9	0
276	37.1728	31.3002	37.1	9	0
277	36.9111	22.6212	27.5	9	0
278	34.6413	17.0222	30.4	9	0
279	41.2182	13.7839	24	9	0
280	42.8827	15.8131	25.3	9	0
281	43.7966	9.4165	21.2	9	0
282	38.6493	8.5134	27.7	9	0
283	40.6304	4.3887	30.5	9	0
284	40.9024	1.2254	27.2	9	0
285	35.3844	2.6032	31.5	9	0
286	28.3992	16.9631	28	9	0
287	29.0464	15.2034	30.8	9	0
288	30.7774	5.1411	30.7	9	0
289	29.119	2.8477	26.7	9	0
290	23.3112	2.8835	18.3	9	0
291	26.0764	15.2526	30.9	9	0
292	23.7315	46.2177	34.8	9	0
293	19.685	52.6746	23.1	9	0
294	18.4224	50.9015	40.1	9	0
295	19.3464	60.8187	26.4	9	0
296	15.1548	72.0939	20.3	9	0
297	12.9766	70.9996	40.9	9	0
298	11.5076	62.7527	43.1	9	0
299	22.589	22.6818	22.4	9	0
300	16.9614	13.5205	37	9	0
301	12.3418	22.8769	40.1	9	0
302	6.6804	56.6237	32.2	9	0
303	6.4173	59.2988	30.5	9	0
304	10.4649	26.226	17.3	9	0
305	11.3415	16.0584	27.2	9	0
306	71.3565	97.9028	35.3	9	0
307	51.9795	84.3253	43.3	9	0
308	45.4272	85.0443	34.8	9	0
309	37.3373	79.6037	22.2	9	0
310	23.6483	79.189	24.7	9	0
311	21.4663	81.3698	36	9	0
312	20.0672	75.8225	24.3	9	0
313	7.3781	77.4619	24.8	9	0
314	15.9366	84.1716	36.6	9	0
315	20.1337	90.0346	28	9	0
316	49.4987	41.253	26.2	9	0
317	53.0162	97.9972	35.1	9	0
318	21.4324	98.4212	26.1	9	0
319	11.8292	90.3244	32.6	9	0
320	0.8326	93.7808	32	9	0
321	1.2707	89.8894	25.3	9	0
322	0.4473	56.7789	31.9	9	0
323	0.5131	52.156	30.8	9	0
324	58.27081008	77.58991417	29.5	9	0
325	72.1051	16.6464	8.3	10	0
326	70.6569	20.9557	8.9	10	0
327	71.91573262	22.44494156	8.2	10	0
328	66.6275	21.9122	12.65	10	0
329	67.329	19.9318	10.4	10	0
330	64.2274	15.7354	9.85	10	0
331	65.3549	19.3699	8.15	10	0
332	46.0134	27.3751	14.2	11	0
333	20.0661	36.1361	15.8	11	0
334	50.3343	6.5459	28.4	11	0
335	97.3735	14.3564	8.1	12	0
336	94.0534	25.8248	16	12	0
337	95.9178	29.2523	12.7	12	0
338	95.9967	29.9839	12.8	12	0
339	97.0616	33.5113	13.2	12	0
340	96.5329	46.2121	8.2	12	0
341	96.4817	52.8255	15.3	12	0
342	92.5181	59.7836	7.1	12	0
343	91.1729	60.2779	7.6	12	0
344	86.2533	62.4002	8.4	12	0
345	83.4815	56.7361	6	12	0
346	93.509	40.2392	10	12	0
347	90.475	24.736	7.1	12	0
348	91.8353	20.4655	9.6	12	0
349	85.1688	9.3606	8.3	12	0
350	83.1907	11.866	17.6	12	0
351	86.1503	13.5003	15.4	12	0
352	88.6436	22.1537	6.6	12	0
353	85.813	25.1286	7	12	0
354	87.7252	29.0194	8.9	12	0
355	81.325	44.7388	14	12	0
356	79.4891	49.3625	12.3	12	0
357	69.0466	86.228	6.7	12	0
358	85.1367	70.4403	6.9	12	0
359	78.0727	64.4073	13.75	12	0
360	70.7171	45.1329	8.1	12	0
361	76.4407	42.3556	14.1	12	0
362	80.31553706	28.3810029	8.3	12	0
363	75.4158	1.0836	6	12	0
364	72.7574	13.1343	6.7	12	0
365	69.4868	24.895	23.1	12	0
366	64.9243	17.6755	11.5	12	0
367	69.3181	48.6371	23.8	12	0
368	68.9458	61.1812	12.4	12	0
369	56.4216	79.2723	8.7	12	0
370	58.5387	45.8413	10.2	12	0
371	61.7421	43.2687	6	12	0
372	61.4585	8.5858	17.4	12	0
373	65.0458	3.0736	12	12	0
374	54.2911	23.6857	9.2	12	0
375	56.433	35.42	5.7	12	0
376	46.061	53.2347	15.2	12	0
377	45.7137	51.5908	13	12	0
378	53.1929	63.044	9.7	12	0
379	70.9425	60.8345	5.9	12	0
380	81.5857	64.346	5.4	12	0
381	55.4306	65.3468	7.5	12	0
382	50.2284	68.9205	7.1	12	0
383	46.7014	66.9376	11.8	12	0
384	41.3613	54.5384	15.9	12	0
385	39.5461	51.6874	21.6	12	0
386	41.6016	51.9731	13.3	12	0
387	35.2517	49.7851	12.5	12	0
388	51.5016	26.8354	12.9	12	0
389	52.5088	21.2425	9.2	12	0
390	50.739	17.0587	7.6	12	0
391	48.1658	20.4444	6.2	12	0
392	45.6707	24.6385	5.8	12	0
393	45.2414	25.7873	10.6	12	0
394	48.3118	31.0798	12.3	12	0
395	44.7139	30.4222	11.8	12	0
396	44.0643	30.4079	6.3	12	0
397	23.3004	60.3823	21.6	12	0
398	29.7954	36.2422	19.4	12	0
399	43.97	17.0051	5.3	12	0
400	29.7805	13.5576	12.8	12	0
401	22.1368	6.5359	12.3	12	0
402	26.8746	21.2515	15.1	12	0
403	24.4065	41.1387	16.6	12	0
404	10.642	57.2525	16.5	12	0
405	11.6698	42.9805	12.8	12	0
406	6.3962	45.878	28.1	12	0
407	7.0545	57.9091	16.5	12	0
408	7.6892	61.3519	15.1	12	0
409	6.8616	30.5917	10.6	12	0
410	6.4324	26.2691	6.2	12	0
411	2.1735	25	7.1	12	0
412	2.4941	18.8682	15.4	12	0
413	1.799	20.1257	5.5	12	0
414	11.5358	3.4742	7.1	12	0
415	3.5594	1.2907	11.2	12	0
416	63.8563	55.2762	5.3	12	0
417	85.7049	23.48	6.1	12	0
418	56.6617	83.5381	5.1	12	0
419	40.0793	85.6645	8.3	12	0
420	16.3631	79.8238	20.8	12	0
421	7.6827	73.0936	12.4	12	0
422	7.0139	82.8996	10.7	12	0
423	12.3083	87.2976	15.7	12	0
424	21.3529	86.6066	11.6	12	0
425	27.173	89.2875	12.3	12	0
426	18.9667	93.7623	5.2	12	0
427	38.7836	76.0985	9.2	12	0
428	0.3342	64.3242	15.3	12	0
429	0.998	63.1702	8.3	12	0
430	76.3026	49.9157	19.5	12	0
431	43.1726	21.1338	5.6	12	0
432	56.92132475	83.43565779	5.5	12	0
433	98.4532	0.8633	12.5	13	0
434	83.6228	34.3497	6.1	13	0
435	82.9346	29.5816	6	13	0
436	74.6413	24.5229	6.5	13	0
437	79.1481	13.4409	13.1	13	0
438	74.1737	81.9555	6.9	13	0
439	62.0142	21.9934	14.1	13	0
440	29.0422	49.1246	14.4	13	0
441	29.4214	32.1878	20.6	13	0
442	39.0174	8.1764	9	13	0
443	28.7105	18.4242	16.7	13	0
444	15.8124	67.2428	10.2	13	0
445	9.4857	37.0691	8.1	13	0
446	8.1515	10.3647	22.8	13	0
447	0.6222	70.6409	16.3	13	0
448	97.8627	9.9817	40.6	14	0
449	97.8593	10.7698	11.4	14	0
450	97.2723	13.7418	15.4	14	0
451	96.5632	17.1138	7.3	14	0
452	91.979	68.8803	9.2	14	0
453	96.7006	73.4002	6.9	14	0
454	96.663	74.6433	23.6	14	0
455	96.8291	76.4249	31.4	14	0
456	94.2188	85.2476	7.3	14	0
457	94.1286	84.9992	16.7	14	0
458	90.5034	84.3165	24	14	0
459	92.6266	77.782	13.5	14	0
460	92.8293	77.8249	9.8	14	0
461	85.5695	77.3622	10.5	14	0
462	85.8132	57.5858	6.7	14	0
463	85.8935	57.491	5.8	14	0
464	92.8818	46.4821	5.9	14	0
465	90.8256	25.6701	18.1	14	0
466	95.4827	10.4657	16.4	14	0
467	89.1812	9.6266	13.7	14	0
468	79.4482	54.6323	6	14	0
469	85.2326	63.6865	6.4	14	0
470	77.3516	82.3392	6.7	14	0
471	77.4427	82.1565	8.8	14	0
472	76.6675	53.0131	39.1	14	0
473	76.1408	49.9978	21.8	14	0
474	74.0294	46.8232	14.3	14	0
475	75.7896	16.9513	5.5	14	0
476	77.8827	9.662	11.6	14	0
477	75.7753	5.6217	45.15	14	0
478	73.1001	13.1906	7.9	14	0
479	70.5651	20.6547	6.2	14	0
480	64.8657	38.7159	6	14	0
481	65.5232	46.0511	6.2	14	0
482	65.3283	46.3329	6.1	14	0
483	66.6894	48.3844	37.5	14	0
484	66.7005	61.3209	45.1	14	0
485	69.5882	60.7922	31.8	14	0
486	73.0782	60.0618	5.8	14	0
487	65.25	73.8	5.7	14	0
488	63.5191	75.0348	8.3	14	0
489	65.4877	78.0475	7.5	14	0
490	71.4633	90.9983	6.9	14	0
491	56.7194	77.1986	8.8	14	0
492	54.3385	78.5209	26.3	14	0
493	60.3493	70.4337	6.3	14	0
494	62.8958	56.979	17.2	14	0
495	57.9138	44.8569	30.3	14	0
496	63.5183	1.765	44.6	14	0
497	60.6322	12.9652	24.9	14	0
498	51.3966	44.9986	30	14	0
499	48.8133	54.1723	7.5	14	0
500	46.3812	52.0267	19.65	14	0
501	43.859	68.8316	7.3	14	0
502	50.2371	69.353	28.3	14	0
503	42.4647	51.1007	7.7	14	0
504	36.4104	51.2353	39.8	14	0
505	51.2039	22.1325	32.8	14	0
506	48.7472	11.3158	12.3	14	0
507	47.7623	9.7726	6.7	14	0
508	47.8256	9.6617	7.2	14	0
509	45.9164	23.0792	5.7	14	0
510	46.2655	29.613	17.2	14	0
511	45.6409	36.398	5.6	14	0
512	41.4417	34.973	7.7	14	0
513	39.143	39.1809	44.4	14	0
514	31.5118	55.8138	36.5	14	0
515	24.9609	69.7576	9.2	14	0
516	24.7311	67.5672	5.7	14	0
517	23.5661	68.6372	9.9	14	0
518	22.2989	67.7182	9.5	14	0
519	25.6079	65.5902	7.2	14	0
520	23.3486	64.1437	6.6	14	0
521	23.7573	61.8809	10.3	14	0
522	31.3767	64.939	15.1	14	0
523	29.3688	67.1539	11.4	14	0
524	31.8423	33.0986	12.9	14	0
525	34.7253	23.3574	12	14	0
526	37.5383	35.7377	11	14	0
527	31.2842	18.3742	9	14	0
528	30.8139	9.9352	30.5	14	0
529	26.451	12.4654	7.4	14	0
530	26.1391	7.6473	7.2	14	0
531	20.2449	6.4839	36.7	14	0
532	26.3758	23.018	18.6	14	0
533	27.6228	26.6172	8.2	14	0
534	23.4621	30.7861	10.2	14	0
535	17.0787	50.8831	41.9	14	0
536	14.6979	67.2251	11.2	14	0
537	15.6559	34.6966	15.1	14	0
538	20.2523	28.9043	7.9	14	0
539	13.6385	26.538	6	14	0
540	10.9505	34.4154	7	14	0
541	8.926	34.6439	32.8	14	0
542	6.373	30.6056	7.1	14	0
543	2.8639	30.7208	10.1	14	0
544	2.145	28.3431	7.7	14	0
545	5.9621	25.0707	11.1	14	0
546	0.9952	20.5071	13.5	14	0
547	0.8202	19.1037	6.4	14	0
548	10.3502	9.239	37.5	14	0
549	12.8068	4.5702	6.2	14	0
550	14.2025	1.0627	24.3	14	0
551	16.0735	0.3781	23.7	14	0
552	3.3782	6.7633	17.5	14	0
553	49.6275	70.5551	5.1	14	0
554	55.2047	70.6426	5.1	14	0
555	56.7983	75.0941	5.3	14	0
556	84.3867	75.7788	5.9	14	0
557	95.5304	44.1796	5	14	0
558	79.0549	96.5643	30.8	14	0
559	72.2954	98.6422	6.1	14	0
560	68.616	92.9315	12.8	14	0
561	68.453	92.7154	7.8	14	0
562	61.3445	96.7002	38.6	14	0
563	55.7544	94.4203	5.9	14	0
564	44.9699	89.223	32.5	14	0
565	30.9636	80.7177	8.3	14	0
566	25.1601	79.4376	8.3	14	0
567	18.2722	85.2427	7.1	14	0
568	27.9195	88.5618	33.4	14	0
569	36.8686	92.7755	5.1	14	0
570	40.0974	91.8915	25	14	0
571	49.7629	45.7782	7.4	14	0
572	29.8638	66.8452	5.3	14	0
573	30.8466	18.4003	5.5	14	0
574	56.9257	99.832	15.3	14	0
575	56.3835	99.2052	18.3	14	0
576	26.1804	94.0176	6.2	14	0
577	22.8047	96.5039	30.6	14	0
578	17.0701	99.5105	29.3	14	0
579	11.0657	95.001	5.9	14	0
580	1.4747	65.6414	37.4	14	0
581	46.0392	71.2786	7.1	14	0
582	94.7132	58.2805	25.8	15	0
583	98.1531	70.2828	31.2	15	0
584	96.4234	71.1541	25.2	15	0
585	99.083	88.3199	42.4	15	0
586	97.5424	41.4235	5.5	15	0
587	81.2763	77.2356	24.5	15	0
588	69.6065	62.7192	15.5	15	0
589	59.7904	28.5793	6.8	15	0
590	49.4989	58.7814	15.1	15	0
591	47.3015	68.3957	37.15	15	0
592	45.9598	38.5633	30.4	15	0
593	50.543	9.2174	12.2	15	0
594	47.5659	34.0675	18.7	15	0
595	20.7341	69.3401	20.7	15	0
596	43.6074	15.9078	14.1	15	0
597	25.07	47.8592	14	15	0
598	10.1806	53.4502	38.1	15	0
599	20.59	22.5218	39.1	15	0
600	13.6533	20.5081	21.9	15	0
601	9.6409	0.6238	15	15	0
602	9.5318	0.2701	11	15	0
603	47.5633	74.3896	5.2	15	0
604	12.724	87.0232	30.7	15	0
605	38.0175	93.0282	42	15	0
606	50.3791	40.2601	13.9	15	0
607	42.7232	98.7232	37.2	15	0
608	39.7455	99.4804	41.4	15	0
609	29.5667	97.3901	13.3	15	0
610	96.8821	56.1502	74.4	16	0
611	87.6902	53.9661	26.5	16	0
612	87.0743	47.1248	37	16	0
613	92.8141	20.6665	50.7	16	0
614	92.3842	9.8393	5	16	0
615	84.3599	21.5059	77.7	16	0
616	73.091	85.7531	60.9	16	0
617	71.2705	47.0883	23.9	16	0
618	73.6812	40.0947	32.1	16	0
619	75.0032	26.1034	35	16	0
620	74.3881	24.4357	15.8	16	0
621	73.1185	5.5128	8.8	16	0
622	58.2152	77.6586	64.6	16	0
623	66.9999	39.5896	33.1	16	0
624	65.6887	52.779	9.3	16	0
625	65.9464	89.7942	43.3	16	0
626	63.3845	52.1677	19.4	16	0
627	60.0377	32.9505	27.4	16	0
628	60.2304	21.7377	17.2	16	0
629	58.6677	16.8955	19.6	16	0
630	40.649	79.7959	62.2	16	0
631	39.2108	76.2212	61.9	16	0
632	49.3821	7.9742	10.2	16	0
633	50.2417	15.0178	71.4	16	0
634	43.2974	24.4454	64.5	16	0
635	44.9107	35.7897	19.3	16	0
636	33.6274	51.1006	26.4	16	0
637	37.1661	63.6735	15.5	16	0
638	33.0531	73.0041	18.8	16	0
639	25.8722	69.7598	14.3	16	0
640	32.7512	67.4238	13.2	16	0
641	31.0641	13.6582	21.2	16	0
642	31.3244	13.5212	10.2	16	0
643	22.9045	72.4222	9.4	16	0
644	10.8064	13.1453	43.2	16	0
645	11.2169	8.4202	55.3	16	0
646	62.9294	48.9649	7.2	16	0
647	98.0188	85.7338	6.3	16	0
648	47.2575	95.8413	11.4	16	0
649	31.4962	79.8634	14.7	16	0
650	31.9988	82.8698	28.5	16	0
651	30.9526	77.6636	13.7	16	0
652	14.6677	92.121	53.2	16	0
653	39.19483021	94.30963963	25.1	16	0
654	64.26125133	25.83242136	65	16	0
655	74.0732	16.1416	9.2	17	0
656	85.9556	50.896	35.3	18	0
657	93.0596	31.3314	29.7	18	0
658	93.3487	19.318	30.9	18	0
659	88.2429	23.2037	33.6	18	0
660	86.3719	25.855	14	18	0
661	88.239	36.5516	42.2	18	0
662	88.8356	40.4978	30.2	18	0
663	80.7354	48.4709	37.6	18	0
664	74.119	48.9411	8.9	18	0
665	73.0471	44.9416	34.5	18	0
666	75.1738	45.8355	15.2	18	0
667	77.4684	4.0509	27.6	18	0
668	65.6925	17.9185	33.8	18	0
669	71.2716	34.5014	16.5	18	0
670	66.8447	34.5307	29.9	18	0
671	71.2335	86.0401	5.7	18	0
672	56.6706	81.4256	34	18	0
673	67.8302	27.0961	38.1	18	0
674	57.2013	53.2113	9.6	18	0
675	59.8997	43.6442	16.4	18	0
676	62.1907	43.3427	38.8	18	0
677	60.7842	10.6451	36.7	18	0
678	58.9154	16.5368	28	18	0
679	60.0782	17.2698	18.8	18	0
680	56.961	40.3854	14.6	18	0
681	48.2431	55.4708	37	18	0
682	51.6717	76.722	28.7	18	0
683	50.9717	80.8761	25	18	0
684	51.1844	24.8282	20	18	0
685	56.6709	3.5878	14.8	18	0
686	56.9122	2.2987	9.3	18	0
687	24.6827	26.3024	29.7	18	0
688	20.0094	72.4892	9.3	18	0
689	13.7784	52.4835	8.8	18	0
690	13.324	42.3289	29.5	18	0
691	15.2798	38.5822	38	18	0
692	17.8216	25.9178	22.1	18	0
693	12.8114	4.2787	25.3	18	0
694	0.7498	13.7343	15.3	18	0
695	74.6256	95.3903	34.5	18	0
696	52.7301	93.408	25.8	18	0
697	42.0725	87.1854	17.3	18	0
698	12.4841	75.2682	35.2	18	0
699	55.409	99.5305	21.9	18	0
700	2.5343	86.6432	40.4	18	0
701	5.4549	66.1474	5.2	18	0
702	10.41510726	78.08366112	9.4	18	0
703	97.5699	19.9871	25.2	19	0
704	95.1088	49.7657	7.6	19	0
705	98.2163	78.701	7.6	19	0
706	98.7326	86.153	7.3	19	0
707	97.8401	87.9621	6.5	19	0
708	99.7045	93.0189	26.8	19	0
709	90.5717	96.753	20.6	19	0
710	88.0393	91.1132	18.2	19	0
711	88.3611	90.6156	17.5	19	0
712	92.1923	87.7581	19.1	19	0
713	94.044	88.305	14.6	19	0
714	85.058	76.5007	18.4	19	0
715	85.7712	74.7513	6.8	19	0
716	86.8793	70.1706	18.4	19	0
717	96.4632	46.7064	5.1	19	0
718	93.4919	34.9982	10.1	19	0
719	92.5005	22.4243	17	19	0
720	84.1913	28.0965	27.1	19	0
721	80.8601	55.0974	6.7	19	0
722	78.1411	76.9287	6.1	19	0
723	79.8156	76.2025	9.6	19	0
724	81.8689	75.0097	20.7	19	0
725	80.6484	70.1961	6.24	19	0
726	80.6709	63.5496	6.7	19	0
727	78.3803	60.3657	11.8	19	0
728	73.3781	54.8868	8.7	19	0
729	72.6155	54.4059	5.7	19	0
730	72.4448	53.214	5.5	19	0
731	66.4402	8.0412	45.6	19	0
732	70.2517	29.5143	17.7	19	0
733	72.222	36.9933	40.7	19	0
734	65.8121	49.9707	9.2	19	0
735	70.5821	63.734	9.5	19	0
736	70.6918	70.0105	6.1	19	0
737	70.2457	67.1064	7.25	19	0
738	67.7481	65.263	5.8	19	0
739	66.1082	65.3642	9.85	19	0
740	66.6928	89.6894	28	19	0
741	62.2346	69.4893	6.4	19	0
742	62.3181	68.8685	11.7	19	0
743	65.1744	63.3032	9	19	0
744	65.676	63.183	5.2	19	0
745	59.9536	61.4155	7.2	19	0
746	59.3674	62.7949	6.4	19	0
747	64.7721	2.8309	15.7	19	0
748	50.8724	63.3078	6.4	19	0
749	38.8773	54.576	7.6	19	0
750	36.2178	50.2676	11.3	19	0
751	40.9448	45.8269	8.6	19	0
752	50.2914	23.5569	35.7	19	0
753	56.8161	3.8259	7.9	19	0
754	47.3323	12.1069	15.5	19	0
755	49.1481	28.2213	19.3	19	0
756	43.6406	29.7806	26.5	19	0
757	32.9909	71.5538	42.2	19	0
758	33.7913	26.6886	10.6	19	0
759	44.1561	13.5683	6.8	19	0
760	40.58306364	7.288313641	8.1	19	0
761	34.7502	12.3585	7.5	19	0
762	33.203	17.4865	9.6	19	0
763	22.8013	8.4651	50.2	19	0
764	25.3004	32.6925	43.4	19	0
765	25.2893	39.8216	7.2	19	0
766	16.7093	53.1132	8.2	19	0
767	16.0779	54.8616	7.7	19	0
768	15.7718	54.9428	8.1	19	0
769	14.7166	54.9215	5.7	19	0
770	13.3727	50.9207	6.9	19	0
771	12.7816	48.17	25.4	19	0
772	17.8371	44.6042	13.2	19	0
773	5.3293	42.3694	18.7	19	0
774	0.4257	39.194	43.1	19	0
775	2.2507	29.2361	44.9	19	0
776	2.1735	25.3338	45	19	0
777	0.5832	18.079	37.7	19	0
778	35.5394	52.5603	5.1	19	0
779	26.0171	48.9938	5	19	0
780	81.6838	70.8768	5.14	19	0
781	85.0435	74.1608	5	19	0
782	82.2746	84.6197	5.2	19	0
783	62.0259	37.6631	5.1	19	0
784	84.1335	38.0323	5	19	0
785	93.437	35.6104	5.5	19	0
786	93.4502	35.8698	5.5	19	0
787	97.8684	87.6418	5.5	19	0
788	66.8808	92.6017	5	19	0
789	56.326	87.7195	8.6	19	0
790	56.0128	87.3826	6.8	19	0
791	49.8302	87.8653	8	19	0
792	19.3306	77.733	39.3	19	0
793	8.8965	81.7084	6.2	19	0
794	6.2811	68.7646	38.9	19	0
795	31.7204	95.8314	8.6	19	0
796	14.8315	93.8266	30	19	0
797	70.0554	76.6899	6.7	19	0
