Tree	x	y	dbh	species	height
1	23.0096	46.8788	11.5	1	0
2	47.1192	1.3242	7.5	1	0
3	47.5157	3.4762	9.1	1	0
4	45.5694	6.4442	8.9	1	0
5	6.7944	12.2045	7.4	2	0
6	17.8754	3.2808	6.7	2	0
7	20.9663	38.9817	11.2	2	0
8	1.7408	66.8393	8.3	2	0
9	24.4228	45.5838	5.4	2	0
10	28.8558	40.0305	9.4	2	0
11	39.5511	98.598	7.5	2	0
12	20.2541	7.5421	5	3	0
13	8.8634	37.4955	20.9	3	0
14	11.3403	33.4538	27	3	0
15	13.6099	29.316	13.6	3	0
16	17.2293	21.2971	6.1	3	0
17	33.1147	7.0436	17.1	3	0
18	32.7698	21.9916	5.6	3	0
19	19.641	35.5135	21.2	3	0
20	16.3687	48.0156	26.1	3	0
21	2.6945	46.7206	5.7	3	0
22	1.5424	55.9134	7.3	3	0
23	4.2621	58.9515	5.8	3	0
24	3.0418	64.177	5.8	3	0
25	34.8128	39.8259	6.9	3	0
26	32.014	36.4783	7.8	3	0
27	31.2452	36.2539	13.2	3	0
28	36.2918	33.977	8.4	3	0
29	37.6886	33.2633	6.8	3	0
30	35.982	31.2653	8.6	3	0
31	37.4874	26.3754	10	3	0
32	46.2721	10.8036	22.4	3	0
33	43.8773	18.3604	19.8	3	0
34	48.4144	23.7036	9.7	3	0
35	28.5835	53.3899	28.1	3	0
36	26.0346	58.5928	30.1	3	0
37	28.9633	59.923	23.1	3	0
38	18.7694	75.0323	22.9	3	0
39	19.5016	76.6323	17.9	3	0
40	2.254	80.7444	14.9	3	0
41	56.1732	17.7038	6.4	3	0
42	55.7715	18.1106	5.7	3	0
43	57.007	20.6106	6.3	3	0
44	97.2726	26.0775	6.3	3	0
45	91.3404	28.2241	10.1	3	0
46	83.1886	26.3446	5.9	3	0
47	81.9092	24.6946	7.4	3	0
48	72.4117	21.612	5	3	0
49	64.7845	30.2598	5.1	3	0
50	52.6714	41.0643	31.1	3	0
51	46.8306	49.2784	6.5	3	0
52	38.0728	58.8143	36.5	3	0
53	30.8332	61.0282	15.8	3	0
54	30.2484	69.7942	9	3	0
55	25.0607	78.7906	14	3	0
56	24.8234	80.4497	5.8	3	0
57	23.6574	92.1253	5.1	3	0
58	22.3908	90.3547	8.3	3	0
59	25.2689	87.241	27.8	3	0
60	27.9806	89.7906	6.5	3	0
61	31.0098	90.3868	5.3	3	0
62	35.3185	97.6235	12.1	3	0
63	37.8516	95.3995	10.4	3	0
64	41.0145	92.0491	8.8	3	0
65	40.0956	90.4458	6.1	3	0
66	34.5351	88.6477	17.6	3	0
67	35.0522	87.8917	6.3	3	0
68	37.8898	67.4571	9	3	0
69	42.3774	75.6298	5.2	3	0
70	41.8987	70.5744	7.6	3	0
71	44.5011	60.8321	5.8	3	0
72	57.5017	54.7637	23.1	3	0
73	49.42	88.3845	14.1	3	0
74	50.9407	87.6757	8.1	3	0
75	44.694	89.7842	9.1	3	0
76	43.8709	88.7033	12.2	3	0
77	43.2686	90.8828	5	3	0
78	43.6595	92.5885	5	3	0
79	44.5108	94.4758	11.2	3	0
80	52.5636	97.6895	5.4	3	0
81	49.5364	91.9651	11.8	3	0
82	52.7234	88.5911	5	3	0
83	56.7233	83.6229	21.3	3	0
84	61.1742	83.5814	10.6	3	0
85	64.2363	95.1446	14	3	0
86	70.9899	48.5797	6.7	3	0
87	99.3897	53.2704	6.3	3	0
88	87.849	83.4195	43.4	3	0
89	87.5989	93.93	5.2	3	0
90	84.3089	96.1516	5.2	3	0
91	76.0311	92.9554	6.2	3	0
92	50.5118	34.7433	11.8	4	0
93	23.2982	71.0048	14.7	4	0
94	54.0728	9.6995	8.5	4	0
95	6.497	0.9162	16.6	5	0
96	22.2456	8.9551	7.2	5	0
97	20.6439	12.1796	6.4	5	0
98	13.0504	17.2472	13.3	5	0
99	4.6344	30.5994	37.2	5	0
100	12.081	35.1516	5	5	0
101	22.5492	14.9302	8.4	5	0
102	21.9678	16.4097	8.3	5	0
103	24.2793	25.1629	7.4	5	0
104	24.2139	16.9438	7.6	5	0
105	25.1156	13.8611	7.4	5	0
106	25.24	11.0298	8.9	5	0
107	25.2184	9.778	8.5	5	0
108	34.5866	18.7415	8	5	0
109	28.4645	17.4694	7.6	5	0
110	14.4737	43.1744	29.9	5	0
111	7.3194	49.3611	5.9	5	0
112	5.5094	52.8408	16.8	5	0
113	5.7895	60.7002	18.2	5	0
114	5.3038	69.6082	33.7	5	0
115	10.3525	58.7525	6.4	5	0
116	18.6939	52.5453	8.1	5	0
117	40.7763	14.34	8.5	5	0
118	46.5104	7.1963	5.7	5	0
119	48.6094	6.5588	15	5	0
120	75.5711	14.4845	18.3	5	0
121	81.6137	13.5298	10.7	5	0
122	80.1453	16.1951	13.9	5	0
123	80.4376	16.6994	5.7	5	0
124	97.1429	6.283	7.3	5	0
125	90.1967	13.5738	14.3	5	0
126	99.2196	23.5538	13.1	5	0
127	89.3143	21.4744	7.5	5	0
128	81.6862	27.7449	13.9	5	0
129	31.0143	63.6771	33.5	5	0
130	9.6894	92.597	11.7	5	0
131	9.6786	92.6073	8.2	5	0
132	22.2494	90.1766	11.2	5	0
133	21.7093	88.2292	16.1	5	0
134	33.7169	68.3556	41.7	5	0
135	37.0787	77.1791	5.9	5	0
136	51.5652	62.2541	13.2	5	0
137	55.7856	67.1598	7.1	5	0
138	55.892	67.1687	9.8	5	0
139	56.0871	67.172	10	5	0
140	56.0987	67.5999	7.9	5	0
141	55.9593	67.6626	8.1	5	0
142	48.3732	84.7182	28.3	5	0
143	51.4985	88.1515	20	5	0
144	59.8835	84.7089	35.2	5	0
145	66.6187	96.3494	7.1	5	0
146	66.5478	96.0819	6.9	5	0
147	66.4284	96.0268	11	5	0
148	64.8537	86.5593	9	5	0
149	75.554	45.8409	18.1	5	0
150	75.901	45.8625	14.9	5	0
151	72.3369	43.0635	26.2	5	0
152	73.4639	35.3131	10.4	5	0
153	74.8755	31.1754	20.3	5	0
154	74.5855	30.8728	28.5	5	0
155	74.3393	31.2268	42.4	5	0
156	89.405	51.7675	16	5	0
157	89.079	51.7666	16.1	5	0
158	89.2308	52.1948	20.5	5	0
159	91.0348	53.6112	9.1	5	0
160	80.8678	51.3458	9.4	5	0
161	80.6743	51.3896	10.3	5	0
162	80.735	51.5428	7.1	5	0
163	80.5037	51.8695	11.9	5	0
164	74.1689	57.9997	31.3	5	0
165	74.0668	58.4858	24.8	5	0
166	96.2732	64.4177	35.8	5	0
167	78.0999	87.6177	17.6	5	0
168	77.9526	87.6805	15.5	5	0
169	78.1495	88.5549	19.2	5	0
170	21.8851	9.5407	15	6	0
171	20.9845	12.015	13.2	6	0
172	27.8911	19.9708	13.5	6	0
173	15.3687	38.1543	33	6	0
174	10.8576	57.9071	26.4	6	0
175	38.3267	18.9996	20.2	6	0
176	38.8733	18.035	27	6	0
177	61.7093	7.209	17.5	6	0
178	92.2332	9.7605	15.4	6	0
179	92.4561	20.8349	14.6	6	0
180	61.5819	35.5482	14.9	6	0
181	38.5451	87.6452	7.3	6	0
182	38.7156	78.7985	11	6	0
183	61.5384	99.7892	20.8	6	0
184	65.6233	90.7507	18.5	6	0
185	63.6047	52.2473	6.4	6	0
186	64.2257	50.1955	6	6	0
187	71.1244	40.2108	12.3	6	0
188	89.3901	57.9783	13.3	6	0
189	98.8173	63.7041	11.1	6	0
190	97.8565	61.0369	5.1	6	0
191	97.9568	60.8958	15.9	6	0
192	96.9704	69.5408	14	6	0
193	99.9458	78.0682	27.9	6	0
194	53.5222	29.7867	12	7	0
195	58.4824	3.2406	16.6	7	0
196	50.4751	61.541	21	7	0
197	51.7265	75.2096	27.9	7	0
198	51.2318	76.3525	12.9	7	0
199	48.7501	84.0272	13.6	7	0
200	66.066	49.4434	7	7	0
201	87.0383	64.8752	7.8	7	0
202	91.5132	70.4222	8.7	7	0
203	93.8049	99.1161	8	7	0
204	83.2411	82.1049	6	7	0
205	84.3412	81.0501	5.8	7	0
206	2.0344	17.1452	41.8	8	0
207	12.7254	9.6017	40.2	8	0
208	21.7341	0.8735	29.6	8	0
209	21.1659	1.9795	38.3	8	0
210	19.8174	10.5285	25.9	8	0
211	19.0002	11.8571	25.7	8	0
212	3.7278	44.3703	31.7	8	0
213	6.1309	42.5543	5	8	0
214	7.1796	43.5767	45	8	0
215	9.1818	42.5974	56	8	0
216	21.7435	16.9985	41.7	8	0
217	22.9158	18.2906	52.5	8	0
218	24.7695	7.9024	61.3	8	0
219	30.2993	4.3973	44.6	8	0
220	36.2727	1.0293	65	8	0
221	18.8096	43.6476	41.9	8	0
222	21.6773	52.5087	48.5	8	0
223	14.4108	68.5398	47.4	8	0
224	5.8762	93.3916	6.4	8	0
225	53.4759	5.0022	10.3	8	0
226	69.9679	11.7662	18.2	8	0
227	75.266	12.5922	32	8	0
228	46.7871	53.4234	5.6	8	0
229	18.1674	83.4655	26.4	8	0
230	41.4752	86.0643	23	8	0
231	33.5054	75.6804	54.9	8	0
232	51.3431	67.4677	57.2	8	0
233	60.3054	92.164	13.7	8	0
234	65.1916	85.1701	17.9	8	0
235	65.8406	63.3404	42.9	8	0
236	96.7273	53.6342	16.9	8	0
237	97.5255	78.5372	5.3	8	0
238	86.0932	87.7263	13	8	0
239	71.1493	76.2588	6.8	8	0
240	11.0478	3.1744	40.1	9	0
241	4.0788	8.9055	29.3	9	0
242	1.5532	12.6228	34.5	9	0
243	14.1075	0.8451	42.2	9	0
244	14.5016	13.871	23.9	9	0
245	8.3446	21.1202	52.9	9	0
246	3.3554	25.581	28.5	9	0
247	0.688	35.7342	13.1	9	0
248	2.4906	39.8056	33	9	0
249	2.299	43.0542	21.2	9	0
250	6.5771	35.4161	31.3	9	0
251	18.1105	28.559	26.9	9	0
252	18.5809	20.1408	21.4	9	0
253	27.8672	4.6484	22.7	9	0
254	37.4827	9.1601	31.9	9	0
255	23.3805	39.0357	19.7	9	0
256	16.9901	49.1946	24	9	0
257	7.8739	48.2828	29.5	9	0
258	3.273	50.0673	17.3	9	0
259	2.1734	54.4726	23.2	9	0
260	6.7392	57.5587	33.1	9	0
261	2.9168	63.72	33.8	9	0
262	9.2863	70.0467	23.8	9	0
263	11.2704	62.5	27.9	9	0
264	12.4438	57.3377	29.8	9	0
265	32.8651	37.4324	23.5	9	0
266	33.1999	36.818	20.2	9	0
267	36.8649	30.9992	21.3	9	0
268	40.5949	23.9625	28.9	9	0
269	40.1954	5.7308	14	9	0
270	45.4644	14.6883	45.6	9	0
271	43.7563	25.6519	30.2	9	0
272	50.8064	24.2778	13.5	9	0
273	52.6149	23.4776	12.3	9	0
274	49.309	32.7261	38.4	9	0
275	47.7199	39.9091	19.9	9	0
276	43.6367	43.5977	12.8	9	0
277	21.7739	59.4224	30	9	0
278	25.6635	66.9847	37	9	0
279	20.1889	70.5664	33.3	9	0
280	15.7272	75.7641	49.5	9	0
281	8.9576	78.3474	32.3	9	0
282	7.4581	78.7676	27.6	9	0
283	3.8015	84.0065	47.9	9	0
284	5.8205	91.1075	18.1	9	0
285	5.7528	97.7701	20.4	9	0
286	55.5055	2.4011	15.8	9	0
287	53.6439	19.5492	15.1	9	0
288	54.2959	21.2455	15.3	9	0
289	62.1859	22.7676	23.1	9	0
290	60.6688	19.2859	29.3	9	0
291	64.0354	13.6344	25.1	9	0
292	60.8758	3.438	24.1	9	0
293	70.1584	1.821	37.7	9	0
294	70.5933	8.6024	18.2	9	0
295	85.2911	5.9215	46	9	0
296	82.4674	13.6526	21.8	9	0
297	85.7715	12.5547	19.3	9	0
298	89.8698	2.8878	21.5	9	0
299	90.0052	18.2512	28.1	9	0
300	94.0808	15.4796	22.9	9	0
301	95.5316	13.6578	27.5	9	0
302	95.6052	18.9843	26.2	9	0
303	95.9963	19.7935	24.1	9	0
304	95.7548	31.008	12.4	9	0
305	85.4466	27.3806	34.3	9	0
306	77.9255	20.0162	21.6	9	0
307	73.9199	20.8486	27.7	9	0
308	72.0907	21.5884	19.8	9	0
309	69.431	18.2822	17.1	9	0
310	68.6769	21.2934	27	9	0
311	64.645	26.9538	29.6	9	0
312	67.8039	32.6283	22.2	9	0
313	49.082	45.2837	35.5	9	0
314	44.2134	47.9654	40.3	9	0
315	40.3942	47.7834	18.6	9	0
316	43.3229	54.6317	15.5	9	0
317	35.5889	57.3803	21.7	9	0
318	34.9426	61.9964	36.8	9	0
319	26.2634	61.2162	19.1	9	0
320	27.9713	73.4097	38.6	9	0
321	28.8343	77.698	26.7	9	0
322	15.7557	87.6977	24.7	9	0
323	17.8335	96.6292	40.4	9	0
324	29.0899	92.941	31.3	9	0
325	32.9091	92.7357	19	9	0
326	29.955	85.5971	18	9	0
327	38.6289	96.7956	28.7	9	0
328	39.2351	82.7015	11.2	9	0
329	31.1336	76.9211	13	9	0
330	39.4968	69.5528	19.5	9	0
331	41.7124	61.647	26.9	9	0
332	45.4894	61.3221	34.7	9	0
333	54.179	56.6136	30.7	9	0
334	54.3056	52.391	26.4	9	0
335	56.9796	67.623	9.4	9	0
336	54.2834	75.4889	13.6	9	0
337	44.4228	92.4788	32.7	9	0
338	46.7194	97.1239	14.2	9	0
339	61.1165	91.033	16.7	9	0
340	56.3752	96.8899	20.3	9	0
341	59.6664	75.5235	12.7	9	0
342	59.3275	71.7939	20.7	9	0
343	62.1868	69.1055	31	9	0
344	61.2233	47.6072	45.2	9	0
345	74.1171	46.9029	18.8	9	0
346	73.8821	38.7727	16.9	9	0
347	70.6546	35.1519	17.2	9	0
348	70.8974	35.067	22.9	9	0
349	85.0865	33.5384	15.3	9	0
350	81.9546	48.6092	35.3	9	0
351	94.7921	39.7447	29.8	9	0
352	94.7528	39.497	16.3	9	0
353	98.5279	45.978	31.5	9	0
354	81.0322	53.3682	25.6	9	0
355	74.3182	64.2156	28.3	9	0
356	80.576	69.196	26.3	9	0
357	83.4436	68.973	28.5	9	0
358	86.8644	64.4347	11.5	9	0
359	89.2644	65.3885	29.5	9	0
360	95.1747	70.9653	24.8	9	0
361	90.8361	80.6408	20.8	9	0
362	97.657	86.0085	36	9	0
363	93.4495	88.4213	18.6	9	0
364	85.8093	93.6066	23.2	9	0
365	86.5675	97.6881	30.7	9	0
366	86.6518	97.9244	33.6	9	0
367	80.0711	82.9079	28.4	9	0
368	72.2826	93.8611	20	9	0
369	78.9842	75.3797	25.1	9	0
370	78.4987	73.1327	22.2	9	0
371	68.0932	73.5401	21.4	9	0
372	68.2297	73.4683	18.8	9	0
373	6.6574	56.8594	9.8	10	0
374	48.3956	15.4577	5.7	10	0
375	88.479	6.0142	6	10	0
376	55.2124	61.4764	16.8	10	0
377	99.8819	87.4719	5.5	10	0
378	2.551	31.5077	20.2	11	0
379	28.4251	16.1412	15.8	11	0
380	64.9776	6.8344	22.7	11	0
381	65.4458	8.198	18	11	0
382	70.9545	4.0618	10.8	11	0
383	98.3243	54.4884	22.9	11	0
384	87.9611	60.0548	7.8	11	0
385	4.835	31.3375	9.3	12	0
386	61.9688	85.2455	18.7	12	0
387	64.7436	86.2729	28.9	12	0
388	66.4317	65.7457	15.8	12	0
389	98.3878	80.2162	17.5	12	0
390	4.593	1.9232	5.2	13	0
391	8.5376	1.5298	9.3	13	0
392	4.4934	13.6815	8.5	13	0
393	13.7877	13.3764	15.4	13	0
394	10.9393	40.5928	14.3	13	0
395	14.8079	18.3968	16	13	0
396	36.8863	2.1616	5.5	13	0
397	34.465	23.4404	9.5	13	0
398	24.6805	34.2186	5.7	13	0
399	21.0804	34.0271	9.5	13	0
400	15.7185	38.447	11.5	13	0
401	8.2651	52.5912	6.7	13	0
402	5.5625	71.5267	12.3	13	0
403	7.7558	65.4853	5.2	13	0
404	8.1148	60.684	8.3	13	0
405	16.6592	55.9277	13.9	13	0
406	20.8075	53.0994	5.7	13	0
407	47.668	0.5843	5.6	13	0
408	28.8259	58.8802	8.4	13	0
409	3.0439	82.4989	6.4	13	0
410	61.4045	9.565	7.5	13	0
411	60.4158	9.8945	6.4	13	0
412	70.2177	4.8933	10.7	13	0
413	71.9356	14.5052	9.5	13	0
414	74.6075	14.2419	7.4	13	0
415	76.6135	14.885	5.5	13	0
416	81.8987	10.4506	8	13	0
417	80.6252	9.61	7.7	13	0
418	80.823	20.3856	10.6	13	0
419	88.0965	19.085	10.7	13	0
420	95.8054	4.7594	5	13	0
421	94.9472	1.2655	6.1	13	0
422	99.062	2.6629	5.5	13	0
423	94.1122	7.3307	9.9	13	0
424	92.8343	5.7011	5.4	13	0
425	94.293	8.1595	10.2	13	0
426	92.2174	10.3743	14.4	13	0
427	90.9684	13.0288	5.8	13	0
428	89.5088	15.6989	7.4	13	0
429	89.6383	15.6647	9.4	13	0
430	96.9445	11.7504	10.9	13	0
431	98.1878	20.6024	6.9	13	0
432	98.064	25.0402	9.1	13	0
433	98.0045	27.5034	15.3	13	0
434	97.6789	27.2447	5.1	13	0
435	91.1556	21.9575	8.9	13	0
436	90.6189	19.4578	6.4	13	0
437	89.1345	22.3664	7.9	13	0
438	89.6387	23.1188	9.3	13	0
439	88.7209	23.5121	12.6	13	0
440	79.1631	22.7954	5.7	13	0
441	78.3789	21.7073	9.9	13	0
442	69.534	24.0337	6.8	13	0
443	68.57	29.1531	13.1	13	0
444	63.8982	34.6636	13.2	13	0
445	62.6217	35.406	7.9	13	0
446	32.8106	56.2759	7.8	13	0
447	30.9994	64.4507	13.5	13	0
448	31.2014	65.9559	8.1	13	0
449	27.5495	70.9108	5.8	13	0
450	19.6386	86.4849	5	13	0
451	13.9057	84.283	5.7	13	0
452	34.6666	79.1984	8.4	13	0
453	40.0044	72.6652	5	13	0
454	49.7796	57.0851	6.9	13	0
455	51.3931	57.8084	5.5	13	0
456	51.3533	61.385	13.9	13	0
457	47.9517	79.4102	8.3	13	0
458	52.4611	83.2675	11.4	13	0
459	61.5455	87.9525	6.1	13	0
460	64.288	92.0168	5	13	0
461	65.6226	85.6725	6	13	0
462	62.127	79.9589	5.2	13	0
463	62.7589	66.6124	7.9	13	0
464	59.5012	64.3476	22.5	13	0
465	63.5644	50.7537	6.8	13	0
466	65.6918	48.3285	6.4	13	0
467	67.2056	47.9069	6.5	13	0
468	70.8604	50.8293	11.7	13	0
469	75.0766	31.3302	5	13	0
470	75.375	30.8461	5.5	13	0
471	79.7825	34.4749	11.7	13	0
472	81.946	29.9958	7.8	13	0
473	83.8124	32.0039	7.9	13	0
474	84.1069	34.6681	10.4	13	0
475	78.8173	38.2756	6.4	13	0
476	85.4018	40.063	7.2	13	0
477	94.543	37.0017	6.8	13	0
478	90.1749	60.5415	5.7	13	0
479	91.0356	70.6213	12.5	13	0
480	94.9597	64.8566	21.5	13	0
481	97.4292	81.2784	8.2	13	0
482	99.7328	90.0498	11	13	0
483	78.393	93.7515	6.1	13	0
484	83.0328	90.3431	6.8	13	0
485	83.5052	84.186	5.3	13	0
486	73.613	76.4359	7.1	13	0
487	72.6042	74.2133	7.2	13	0
488	73.524	73.3915	5.2	13	0
489	69.5662	76.1927	7.7	13	0
490	67.1499	77.0539	7.2	13	0
491	69.6109	72.2286	10.9	13	0
492	76.1857	69.9985	6.4	13	0
493	35.1035	6.0664	6.4	14	0
494	33.4043	25.3899	8.6	14	0
495	22.2367	53.0886	6.2	14	0
496	40.0504	8.6618	7.9	14	0
497	49.388	5.8999	8.3	14	0
498	35.2158	47.8105	8.1	14	0
499	62.066	36.0352	13.4	14	0
500	39.4501	80.2274	8.7	14	0
501	48.5185	73.06	13.2	14	0
502	52.809	71.8532	10.1	14	0
503	57.6501	96.9041	7.4	14	0
504	89.3082	51.6557	5	14	0
505	92.8871	58.912	8.2	14	0
506	92.9368	59.2575	16.2	14	0
507	99.2848	69.0419	8.9	14	0
508	99.3888	68.9061	7.1	14	0
509	99.3906	69.1171	18.3	14	0
510	80.3985	98.3808	8.7	14	0
511	75.0701	89.1882	5	14	0
512	73.093	89.0843	5.1	14	0
513	8.3514	1.0344	8.5	15	0
514	10.1305	6.7838	18.3	15	0
515	5.7424	17.3529	10.5	15	0
516	3.0854	27.4043	8.1	15	0
517	0.2456	32.3104	6.8	15	0
518	11.1657	37.9521	5.5	15	0
519	8.3103	32.7035	15.6	15	0
520	11.0697	28.4858	32.7	15	0
521	22.1071	22.5265	9	15	0
522	29.5909	28.9118	34.7	15	0
523	20.8975	39.9725	35.6	15	0
524	4.2838	53.2237	14.3	15	0
525	4.3883	71.6824	35.5	15	0
526	22.7082	51.5638	5.1	15	0
527	36.9169	39.0372	8.3	15	0
528	37.1447	20.7611	8.6	15	0
529	38.5809	19.0158	5.8	15	0
530	38.7525	18.6109	5.3	15	0
531	39.9308	17.7663	6.1	15	0
532	42.5265	2.4605	13.6	15	0
533	41.6372	20.2214	5	15	0
534	54.555	28.3546	8.7	15	0
535	54.3215	28.8984	5.2	15	0
536	53.8562	33.1352	7.9	15	0
537	45.5305	41.779	11.3	15	0
538	26.2545	66.7302	14.2	15	0
539	0.475	74.6414	21.8	15	0
540	0.0395	81.4129	8.3	15	0
541	2.1401	99.5743	29.5	15	0
542	62.9864	23.4307	5	15	0
543	64.3392	22.4271	6.7	15	0
544	63.1502	9.6056	20.3	15	0
545	72.7657	3.0663	6.1	15	0
546	82.1737	17.1265	5.2	15	0
547	93.3609	1.7046	10.8	15	0
548	94.6186	3.7657	6.3	15	0
549	89.5699	19.1748	6.1	15	0
550	99.2331	9.3377	32.5	15	0
551	99.0734	22.1881	5.2	15	0
552	95.7886	21.5485	7.1	15	0
553	64.0818	36.48	5.4	15	0
554	65.0429	36.7505	5.3	15	0
555	57.4789	48.3976	12.7	15	0
556	37.6253	53.5944	6.9	15	0
557	37.1807	53.0029	9.9	15	0
558	10.3681	83.3003	31.2	15	0
559	9.5713	97.2017	13.9	15	0
560	14.0549	98.3552	16.1	15	0
561	22.7679	97.3421	5.3	15	0
562	23.2317	97.2321	10.4	15	0
563	23.5053	93.3603	7.1	15	0
564	28.7952	88.6637	7	15	0
565	35.518	76.7115	9.4	15	0
566	37.3869	75.8745	7.8	15	0
567	47.4584	57.752	8.1	15	0
568	51.1491	69.6024	5	15	0
569	52.0241	76.9668	6	15	0
570	47.358	77.6768	21.3	15	0
571	48.8427	82.8458	7.5	15	0
572	46.0459	85.7019	10.2	15	0
573	51.4333	94.6138	14.5	15	0
574	54.7037	93.5265	10.7	15	0
575	59.0588	88.6901	13	15	0
576	57.2233	87.2113	38.9	15	0
577	57.5238	85.4437	13.5	15	0
578	66.6602	98.6754	9	15	0
579	67.2315	97.7277	17	15	0
580	74.7854	36.6657	13.6	15	0
581	72.549	36.389	11.7	15	0
582	71.7754	36.538	9.4	15	0
583	71.7241	35.5091	16.9	15	0
584	88.6109	39.1673	34.3	15	0
585	89.8628	40.36	34	15	0
586	82.9288	54.1875	10	15	0
587	82.8095	54.3776	6.4	15	0
588	79.9997	52.1269	10.6	15	0
589	80.7803	63.632	7.7	15	0
590	94.7907	99.2003	5.5	15	0
591	78.6184	96.3185	5.8	15	0
592	71.559	98.7195	35	15	0
593	9.5372	0.5078	21.2	16	0
594	2.4299	9.4337	9.6	16	0
595	2.4521	9.7822	7.7	16	0
596	1.925	20.7662	12.1	16	0
597	5.8281	23.7896	25.5	16	0
598	1.5497	32.5722	11.7	16	0
599	24.248	15.0142	14.7	16	0
600	31.1867	18.5368	38.8	16	0
601	34.3058	22.729	32.5	16	0
602	33.4855	27.1931	19.7	16	0
603	23.0824	32.8699	43.9	16	0
604	27.5091	35.727	28.3	16	0
605	2.4157	48.3683	19.7	16	0
606	7.9035	51.6268	11.2	16	0
607	3.3759	67.5388	5.8	16	0
608	36.3434	42.5163	49.8	16	0
609	36.1359	32.9136	28.1	16	0
610	39.8131	25.4616	14.3	16	0
611	39.1573	25.1096	16.4	16	0
612	37.9197	20.7426	12.4	16	0
613	48.9246	8.0191	38.9	16	0
614	51.3041	7.6939	50.3	16	0
615	44.3489	18.6944	29.7	16	0
616	43.9842	31.0273	28.5	16	0
617	59.3745	0.8721	8	16	0
618	61.5604	15.0118	28.4	16	0
619	68.7301	8.6801	6.9	16	0
620	73.9505	14.5244	11.7	16	0
621	77.0678	13.2463	10.9	16	0
622	80.6566	4.0702	6	16	0
623	85.994	2.4328	5	16	0
624	79.8036	16.6824	17.4	16	0
625	82.7778	19.3746	8.8	16	0
626	87.5922	16.4471	7.9	16	0
627	88.7599	8.1648	10.4	16	0
628	89.5273	15.4897	12.1	16	0
629	90.9333	17.8548	10.6	16	0
630	93.839	17.3989	6.3	16	0
631	93.4785	14.8537	9	16	0
632	99.045	11.7147	11.5	16	0
633	98.1965	19.8452	8.1	16	0
634	98.4073	20.5769	17.7	16	0
635	97.3477	27.7607	6.9	16	0
636	82.7023	24.1444	8.1	16	0
637	80.2534	26.2328	12.6	16	0
638	73.9007	19.7939	6.6	16	0
639	71.0711	24.0382	6	16	0
640	63.6826	35.692	39.3	16	0
641	64.7113	36.7532	12.5	16	0
642	52.0702	49.7793	13	16	0
643	48.4539	49.0794	9.2	16	0
644	24.953	96.7799	46.4	16	0
645	23.4705	92.9145	33.3	16	0
646	23.0929	91.1251	20	16	0
647	45.0503	56.336	5.3	16	0
648	51.6362	61.9276	34.2	16	0
649	51.2902	92.9239	23.9	16	0
650	58.6639	74.5995	7.2	16	0
651	59.3179	72.795	7.1	16	0
652	60.3796	72.3075	7.1	16	0
653	58.4059	69.1295	8	16	0
654	79.5355	31.9219	9.7	16	0
655	82.2347	30.5379	8.7	16	0
656	83.3381	33.0852	14	16	0
657	77.3243	38.4873	14.7	16	0
658	85.1466	42.9757	9.4	16	0
659	97.96	35.2866	8.4	16	0
660	95.4665	47.5691	7.3	16	0
661	95.1566	46.1386	6.6	16	0
662	92.1661	43.6507	23.8	16	0
663	77.8396	62.5689	5.5	16	0
664	82.8012	65.5103	5.9	16	0
665	82.5657	65.616	5	16	0
666	95.4493	68.8705	9.6	16	0
667	89.8865	74.2422	18.2	16	0
668	88.6848	77.7218	15.5	16	0
669	94.49	89.7794	6.5	16	0
670	90.7235	86.0539	7.9	16	0
671	86.7289	80.0191	5.9	16	0
672	84.0612	86.2609	8.2	16	0
673	83.7429	86.0639	7.1	16	0
674	80.8313	83.5881	9.4	16	0
675	78.816	79.489	7.5	16	0
676	69.4823	77.849	5.5	16	0
677	14.8946	7.1403	23.7	17	0
678	25.1784	4.674	39.1	17	0
679	25.3576	27.9529	9.9	17	0
680	26.6951	36.1579	33.5	17	0
681	24.5749	53.1932	5.9	17	0
682	56.4261	2.5364	7.2	17	0
683	57.6529	13.4389	31.4	17	0
684	63.7336	16.6935	28.6	17	0
685	63.7281	3.5716	39.6	17	0
686	19.3766	85.8111	64.8	17	0
687	15.574	89.2109	57.2	17	0
688	9.3676	90.2156	23.2	17	0
689	35.1804	71.9035	75.6	17	0
690	37.0141	69.4541	15.7	17	0
691	53.0685	54.3864	26.2	17	0
692	47.2988	68.7205	21.5	17	0
693	43.8486	78.5776	73.2	17	0
694	62.4767	96.5095	44.5	17	0
695	65.8539	80.4829	85	17	0
696	64.3638	58.8859	77.8	17	0
697	68.6002	52.4807	76.6	17	0
698	74.9656	36.6274	7.9	17	0
699	79.6471	42.4344	56.2	17	0
700	86.4079	59.4893	6.6	17	0
701	73.5205	53.2075	20.2	17	0
702	77.1831	63.4715	46.9	17	0
703	81.5772	69.3752	37.1	17	0
704	90.0603	67.9933	5	17	0
705	94.0543	85.9166	34.7	17	0
706	73.3414	87.1018	62.7	17	0
707	73.548	79.257	79.1	17	0
708	48.3041	2.5294	21.7	18	0
709	50.4582	7.9762	8.5	18	0
710	1.4701	14.0337	6.6	19	0
711	22.2814	8.9063	5.1	19	0
712	14.0334	13.5854	5.4	19	0
713	13.1582	16.032	11.9	19	0
714	12.0756	17.2717	7.8	19	0
715	11.7668	31.1052	12.1	19	0
716	13.0952	30.6135	23.6	19	0
717	33.6461	14.9389	18.3	19	0
718	33.0635	15.0351	5.4	19	0
719	33.284	16.7721	7.8	19	0
720	35.5068	15.9297	6.5	19	0
721	32.583	16.6181	5.8	19	0
722	31.3521	15.4142	7.7	19	0
723	32.5368	17.8012	5.1	19	0
724	29.0837	18.6627	10.5	19	0
725	27.7076	21.7455	5.3	19	0
726	31.0999	27.3708	20.3	19	0
727	32.0361	31.5947	23.8	19	0
728	18.6802	49.0837	37	19	0
729	2.4301	70.8674	11	19	0
730	2.5696	71.863	5.5	19	0
731	31.5408	43.3767	38.6	19	0
732	33.6698	34.6078	13.3	19	0
733	37.6166	22.883	5.5	19	0
734	40.565	21.7514	8.8	19	0
735	41.3883	11.6621	10.7	19	0
736	49.5307	11.4193	16.9	19	0
737	42.1514	19.5209	6.2	19	0
738	48.7491	37.1925	5.2	19	0
739	49.8558	37.7389	6	19	0
740	51.1102	37.6805	7.2	19	0
741	45.3547	30.6166	7.1	19	0
742	40.2217	38.2528	7.9	19	0
743	38.6281	46.2112	6.8	19	0
744	37.7773	45.8056	5.6	19	0
745	32.7918	46.7988	26.2	19	0
746	30.0328	50.6465	25.3	19	0
747	17.652	70.6114	11	19	0
748	5.1598	78.9191	11.4	19	0
749	4.1492	90.3307	6.7	19	0
750	53.084	8.7146	7.7	19	0
751	54.287	11.3758	10.4	19	0
752	53.87	14.497	5.7	19	0
753	52.9708	14.4599	8.4	19	0
754	78.1318	0.6872	9.9	19	0
755	86.2629	8.7451	10	19	0
756	81.0044	20.1563	27	19	0
757	87.6819	9.2926	8.6	19	0
758	98.4048	1.709	11.9	19	0
759	77.816	17.787	5.4	19	0
760	66.9722	26.632	34.2	19	0
761	58.8486	33.0857	9.9	19	0
762	57.6523	34.602	9.3	19	0
763	54.3792	37.6817	11.9	19	0
764	60.8364	40.0502	8.7	19	0
765	47.7892	52.4149	9.3	19	0
766	47.2958	52.0474	6.4	19	0
767	46.5585	52.3925	7.3	19	0
768	46.3295	45.6958	11	19	0
769	41.0599	48.2985	7.4	19	0
770	24.7128	60.2787	5.5	19	0
771	24.9284	60.8157	5.6	19	0
772	30.3054	65.235	14.5	19	0
773	24.547	75.8249	12.6	19	0
774	15.8444	88.3236	7.6	19	0
775	8.1121	97.4805	12	19	0
776	26.5313	90.011	14.9	19	0
777	32.4927	87.4574	18.7	19	0
778	37.6139	73.0357	6.3	19	0
779	44.2112	68.6895	6.9	19	0
780	58.2451	55.8515	34	19	0
781	52.2344	78.9897	5	19	0
782	44.1843	98.5801	10.1	19	0
783	54.3258	90.3742	23.9	19	0
784	58.8527	83.389	43	19	0
785	64.6704	87.3303	28.3	19	0
786	69.4935	63.572	5.9	19	0
787	65.8567	46.7049	6.7	19	0
788	65.9397	46.5909	11.7	19	0
789	68.9073	38.8276	8	19	0
790	79.4566	34.6591	11	19	0
791	87.4009	31.8276	5.9	19	0
792	88.14	30.0852	7	19	0
793	82.1689	43.3321	14.8	19	0
794	82.2985	44.264	5.5	19	0
795	80.1465	46.0467	16.9	19	0
796	99.7098	29.6446	8.4	19	0
797	89.5477	45.8985	20.1	19	0
798	90.3235	51.8315	29.8	19	0
799	74.0809	53.3796	8.3	19	0
800	75.5026	57.1006	6.7	19	0
801	75.7203	57.2407	8.3	19	0
802	75.432	57.1879	5	19	0
803	82.97	95.5904	40.5	19	0
804	83.3204	94.2073	42.5	19	0
805	73.6975	98.4722	32.3	19	0
806	76.3984	75.4854	9.4	19	0
807	73.0119	75.5745	5.8	19	0
808	64.8539	72.4136	6.2	19	0
