Tree	x	y	dbh	species	height
1	0.1639	51.8057	8.2	1	0
2	0.4519	50.8498	11	1	0
3	2.1202	49.4361	10.3	1	0
4	3.1773	47.9719	8	1	0
5	2.8111	46.423	11.7	1	0
6	3.6805	44.3217	8.3	1	0
7	4.7314	41.9144	14.7	1	0
8	2.3331	45.0655	7	1	0
9	2.6345	43.1786	10.5	1	0
10	2.9147	41.2922	12	1	0
11	3.6128	39.6693	9.3	1	0
12	5.1277	40.144	16.2	1	0
13	3.2691	38.4207	8	1	0
14	3.5396	37.4984	8.2	1	0
15	5.1075	37.059	13.3	1	0
16	3.2193	36.2651	11.7	1	0
17	3.8473	35.3916	8.3	1	0
18	5.842	35.6214	10	1	0
19	5.8618	34.013	15.4	1	0
20	6.4822	32.5906	11.4	1	0
21	5.4883	31.5271	6	5	0
22	5.334	30.95	8.1	5	0
23	7.0649	31.0952	9.9	1	0
24	7.3803	29.648	8.5	1	0
25	8.0126	28.5779	7.3	3	0
26	8.1314	28.2483	6.3	1	0
27	6.8856	28.0982	5	1	0
28	6.2608	26.6139	10.4	1	0
29	9.1789	26.9705	16.9	1	0
30	9.3885	25.603	6.8	7	0
31	9.0135	24.9047	7.5	1	0
32	11.3085	26.3294	11.8	1	0
33	11.3052	24.2284	12.7	1	0
34	11.9476	22.825	14	1	0
35	12.6256	21.6425	12.2	1	0
36	13.1008	20.7833	13	1	0
37	9.1832	23.0824	11.7	1	0
38	10.198	21.0731	9.2	1	0
39	12.9697	16.3949	9	1	0
40	13.2636	15.1708	10.3	2	0
41	11.299	15.3857	11.3	1	0
42	11.0394	12.9523	11.7	1	0
43	11.3082	11.4445	13.1	1	0
44	10.9185	9.5879	7.5	1	0
45	10.9144	8.241	15.7	1	0
46	9.7754	9.1019	14.5	1	0
47	9.7069	6.543	9.5	1	0
48	9.8771	4.544	11.8	1	0
49	8.4683	5.197	9.4	1	0
50	7.4013	5.9256	13.2	1	0
51	7.353	7.383	11.3	1	0
52	6.4551	8.701	8.9	2	0
53	5.7653	10.66	15.8	1	0
54	5.8867	13.6796	11.9	1	0
55	8.4961	11.1702	9.9	1	0
56	8.095	12.7249	9.8	1	0
57	7.8144	14.3474	6.5	1	0
58	7.5961	15.9344	14.3	1	0
59	7.518	17.2007	8	1	0
60	9.572	17.932	9.1	2	0
61	9.4371	19.9716	11.2	1	0
62	8.6451	21.2792	9.1	1	0
63	7.2245	18.3873	12.7	1	0
64	7.1694	19.8468	10.5	1	0
65	5.2988	16.5582	13	1	0
66	4.6564	19.444	11.9	1	0
67	5.7656	21.6903	13	1	0
68	5.9869	23.8124	10	1	0
69	5.0676	23.9371	7.8	3	0
70	4.959	27.5085	13.2	1	0
71	5.2636	28.5382	9.7	1	0
72	4.0164	27.0771	7.5	1	0
73	3.1224	24.7126	10.3	1	0
74	2.4037	26.0829	8.2	1	0
75	1.7694	27.7627	7.5	1	0
76	3.4594	28.745	13	1	0
77	3.2238	30.2261	4.5	1	0
78	0.8123	30.271	11.3	1	0
79	0.6379	31.0476	12.6	1	0
80	2.3848	32.3064	8	1	0
81	2.4424	34.0655	12.2	1	0
82	1.1808	35.3937	9.2	1	0
83	1.6293	36.2604	5.4	1	0
84	0.4625	36.4964	7.5	1	0
85	0.1962	38.1834	6.5	1	0
86	1.1335	38.4497	6.9	4	0
87	1.4501	38.2981	6.5	4	0
88	1.4306	39.9269	10.3	1	0
89	0.1413	43.6353	9.7	1	0
90	0.5909	45.3083	8.5	3	0
91	0.3304	28.4623	9.7	1	0
92	0.3776	24.4382	9.9	1	0
93	1.6489	24.5014	6.9	1	0
94	2.5904	22.8434	10	1	0
95	3.9926	21.6114	12.3	1	0
97	2.883	20.88	12.5	1	0
98	0.7779	22.1592	11.5	1	0
99	0.9049	20.331	6.6	1	0
100	2.5997	18.2653	13.6	1	0
101	1.3745	17.4923	10.2	1	0
102	3.1282	15.7897	15	1	0
103	3.0278	13.4789	9.5	1	0
104	1.1444	14.4428	16.6	1	0
105	0.8324	10.5033	16.3	1	0
106	0.4752	3.6467	9.5	1	0
107	0.4812	1.848	15.9	1	0
108	0.6759	0.6758	11.6	1	0
109	1.3562	6.8221	6.8	1	0
110	2.7182	5.4831	11.6	2	0
111	3.9959	7.1647	14.1	1	0
112	3.5531	5.5666	11.4	1	0
113	5.4689	3.907	8.6	1	0
114	4.1223	2.9092	9.8	1	0
115	4.4525	0.4912	16.5	1	0
116	5.6756	1.6976	10.3	1	0
117	5.9642	0.0161	8.8	1	0
118	8.7194	2.218	12.8	1	0
119	7.7641	0.939	17.5	1	0
120	10.3404	0.3514	11.7	2	0
121	12.0426	2.4137	15.2	1	0
122	13.5289	5.2798	12.5	1	0
123	12.7184	7.463	11.5	2	0
124	14.6268	6.8531	7.7	1	0
125	13.0258	9.6192	11.8	1	0
126	16.7665	5.1202	10.2	2	0
127	16.3865	7.6591	17.7	1	0
128	15.2349	8.4165	5.4	1	0
129	14.5457	9.3712	13.9	1	0
130	15.7964	10.0782	5.5	1	0
131	14.6971	10.8648	10.8	1	0
132	14.6312	12.3354	8.9	1	0
133	17.6704	0.5624	9.3	1	0
134	19.365	0.9534	12.4	1	0
135	20.0864	0.3776	7.5	1	0
136	20.3218	1.6166	6.5	1	0
137	22.3545	2.1088	7.5	1	0
138	19.5264	3.2451	11.3	1	0
139	19.7465	4.8396	11.6	1	0
140	20.7062	6.4557	14.3	1	0
141	21.663	5.4219	11.3	1	0
142	23.7229	6.8431	14.3	1	0
143	26.1944	6.963	16	1	0
144	25.1636	5.2551	7.3	1	0
145	24.9575	4.568	7.7	1	0
146	24.613	2.0191	13.7	1	0
147	27.8341	5.4365	14	1	0
148	26.8187	3.4212	9	1	0
149	26.3512	2.7815	11.6	1	0
150	25.7044	1.2339	10.1	1	0
151	28.3994	0.7811	10	1	0
152	30.4464	2.3816	7.1	1	0
153	30.6729	2.409	5.3	3	0
154	30.2379	4.1831	15	1	0
155	30.3976	6.306	5.4	1	0
156	29.593	6.0385	7.3	1	0
157	29.5134	6.9194	8.4	1	0
158	33.3292	6.8748	13	1	0
159	32.9787	5.504	5.3	1	0
160	32.756	3.6706	19.6	1	0
161	35.5404	4.0812	9	1	0
162	33.5718	1.6847	7.6	2	0
163	31.9954	2.2932	5.3	1	0
164	38.0775	1.1763	13.5	1	0
165	39.3492	3.9628	14.2	1	0
166	39.8923	5.4696	13.5	1	0
167	38.7412	7.4379	12	1	0
168	38.3513	11.7881	8.8	2	0
169	39.739	12.2733	13	1	0
170	39.677	14.9541	8.9	1	0
171	38.5856	18.3321	13	1	0
172	37.6075	19.7994	10.6	1	0
173	37.3221	20.6982	11	1	0
174	37.2265	22.3225	8.9	1	0
175	39.0671	22.8608	10	1	0
176	37.0632	24.1531	13	1	0
177	35.8359	24.7814	9.5	1	0
178	36.8968	25.8331	10.5	1	0
179	39.0123	26.6264	5.8	1	0
180	39.9149	27.7507	7.2	1	0
181	39.8859	25.4899	10.5	1	0
182	39.4686	24.6911	10.8	4	0
183	39.9529	32.809	10.4	5	0
184	39.0403	64.2745	9	1	0
185	39.1911	65.2543	10.5	1	0
186	39.7447	66.7386	7.5	1	0
187	38.9704	67.8941	8.8	1	0
188	39.1106	69.1101	8.9	1	0
189	39.8338	70.4333	7.4	1	0
190	39.6912	71.9589	14.4	1	0
191	39.6051	77.2852	8.5	1	0
192	39.6718	77.953	9.1	1	0
193	35.1679	79.114	7.8	1	0
194	36.6085	77.7902	8.2	1	0
195	35.4067	76.3204	16.5	1	0
196	35.9955	73.7484	8.3	5	0
197	35.8685	72.9066	13.4	1	0
198	34.754	72.9642	7	1	0
199	34.9249	71.9154	7.6	1	0
200	34.7644	70.3661	4.7	1	0
201	37.3322	72.3766	7.5	1	0
202	37.4378	71.2962	11	1	0
203	36.9164	69.8195	5.7	1	0
204	36.2159	67.7062	9.8	1	0
205	35.9255	66.1662	7.7	1	0
206	36.1587	64.9916	8.1	1	0
207	35.2641	63.7371	10.8	1	0
208	37.5601	62.2317	15.2	1	0
209	35.1332	61.4151	6.3	1	0
210	36.2893	60.2125	10.5	1	0
211	36.871	59.2604	10.8	1	0
212	39.3014	59.7631	6.5	1	0
213	39.3382	58.6378	7.8	1	0
214	39.3978	57.5326	6.5	1	0
215	39.0302	55.8217	6.8	1	0
216	39.4403	54.6442	5.8	2	0
217	36.1257	58.3714	5.2	1	0
218	36.3336	56.2289	12.7	1	0
219	36.3207	54.2469	8	1	0
220	36.7937	53.3397	9.8	1	0
221	37.8896	53.1952	12.1	1	0
222	36.7796	51.9299	5.6	1	0
223	37.3589	51.024	8.6	1	0
224	38.4892	50.551	11.6	1	0
225	38.631	48.7891	7	1	0
226	36.465	49.7753	9.1	1	0
227	36.7876	49.0064	5.8	1	0
228	37.3878	47.5219	13.8	1	0
229	38.946	47.1825	10	1	0
230	38.8625	46.0909	10	1	0
231	38.1456	45.5397	8.7	1	0
232	38.3418	42.6249	6.3	1	0
233	37.2586	41.1201	12.7	1	0
234	37.0922	41.96	7.4	1	0
235	36.9481	43.2819	6	1	0
236	36.7788	44.4431	8.9	1	0
237	36.4856	45.3872	7	1	0
238	36.0468	47.5454	5.4	1	0
239	34.7775	48.2413	9.3	1	0
240	35.4209	49.5994	7.5	1	0
241	35.3223	50.3256	8	1	0
242	35.013	52.2532	5.1	1	0
243	35.0548	53.3817	12.6	1	0
244	34.6495	55.9689	7.5	1	0
245	34.558	56.9078	7.3	1	0
246	34.5576	57.8835	9.9	1	0
247	34.0979	60.0004	7.3	1	0
248	34.033	60.9288	6	1	0
249	33.5935	62.9166	6.9	1	0
250	33.8938	64.755	5	1	0
251	33.9041	65.6779	10.1	1	0
252	34.2026	67.9919	5.1	1	0
253	32.1412	79.081	7.3	1	0
254	32.1716	77.8713	8.4	1	0
255	29.5606	79.9367	6.2	1	0
256	30.7384	79.5605	4.2	1	0
257	30.5615	77.7729	11.5	1	0
258	30.7423	77.1781	11	1	0
259	31.9293	76.4403	6.6	1	0
260	31.8648	75.0486	8.2	1	0
261	32.8214	74.5465	6.5	1	0
262	33.5751	74.1281	6.6	4	0
263	33.8338	72.3271	7.1	7	0
264	32.996	72.0353	9	1	0
265	32.613	71.4523	6	4	0
266	31.7282	74.1793	7.1	1	0
267	31.5995	71.2949	11.3	1	0
268	31.8382	73.2067	7.8	1	0
269	32.7553	70.4149	9.1	1	0
270	31.1225	69.5877	7	1	0
271	31.044	68.4948	5.9	1	0
272	32.2852	69.2231	7.4	1	0
273	33.5737	69.2853	6.5	1	0
274	33.2185	68.3913	8.6	1	0
275	33.0022	67.0614	6.8	1	0
276	32.314	66.4433	10	1	0
277	31.1065	66.4007	7.3	1	0
278	30.9488	65.5463	9.8	1	0
279	31.4453	65.0548	7.8	5	0
280	32.2443	64.5158	7.3	1	0
281	32.0917	63.731	7.3	1	0
282	30.8354	61.2689	13.7	1	0
283	31.8859	61.0529	10.3	1	0
284	32.1107	58.3504	8	1	0
285	30.4267	58.7481	8	1	0
286	31.318	57.0485	13.7	1	0
287	32.7369	55.1726	9.8	1	0
288	32.1713	51.7974	18.3	1	0
289	32.1874	49.9261	8.6	1	0
290	31.7599	47.9215	9.2	1	0
291	32.4878	46.9985	11.8	1	0
292	32.6371	44.7126	20.4	1	0
293	34.8334	44.8019	8	1	0
294	34.8264	42.6501	7.3	1	0
295	32.6675	42.4133	9	1	0
296	32.938	41.2811	6.3	1	0
297	33.446	40.0069	16.1	1	0
298	34.267	38.2284	11.5	1	0
299	34.795	35.9644	4.8	1	0
300	37.6415	33.9362	19.2	1	0
301	37.8913	31.7841	14.2	1	0
302	38.4368	29.9318	11.9	1	0
303	39.5543	38.6084	5.1	6	0
304	35.1851	31.3626	16.1	1	0
305	34.7749	31.2167	6.6	3	0
306	34.6291	27.4305	9.8	1	0
307	33.0883	29.6873	5.8	3	0
308	31.3948	30.6061	14.6	1	0
309	29.8507	33.0691	7.3	5	0
310	30.5352	33.2857	6.7	5	0
311	31.0166	33.7731	5.6	5	0
312	30.6605	33.9272	5.6	5	0
313	29.802	35.4987	13.4	1	0
314	28.8566	37.7935	15	1	0
315	29.0296	39.1502	5.6	1	0
316	32.7363	32.5994	10	2	0
317	32.4181	33.6067	8.6	1	0
318	32.3466	34.6709	5.8	4	0
319	32.4471	35.9945	7.5	1	0
320	32.0567	36.9244	12.6	1	0
321	31.3653	38.3388	8	1	0
322	29.8725	40.5572	12.3	1	0
323	30.0759	41.9521	12	1	0
324	29.9919	43.3775	9.3	1	0
325	30.2118	45.6228	13.5	1	0
326	28.1803	45.0118	6.3	5	0
327	27.7503	46.6097	8.1	1	0
328	29.4571	47.6036	12.1	1	0
329	28.9286	49.0916	11.5	1	0
330	29.3029	50.5055	8.1	1	0
331	27.3576	51.1082	10.2	1	0
332	29.2185	52.8482	15.5	1	0
333	28.1824	53.992	9	1	0
334	25.3925	49.5244	11.6	1	0
335	24.5774	50.9987	8.3	1	0
336	24.4232	52.9763	8.3	1	0
337	24.4013	54.0707	6.5	1	0
338	25.7366	54.3016	10	1	0
339	24.1433	55.5065	13.5	1	0
340	25.9992	55.5097	9.7	1	0
341	25.7183	56.5957	6.4	1	0
342	26.0978	58.7278	12	1	0
343	27.9197	57.881	15.6	1	0
344	27.3939	58.8183	6.7	1	0
345	25.8395	61.7269	12	1	0
346	27.3992	62.1329	7.1	1	0
347	25.8815	63.1503	10.7	1	0
348	26.6028	64.4313	8.3	1	0
349	25.3827	65.6264	9.8	1	0
350	26.9232	65.9251	5.7	1	0
351	25.739	67.2251	10.1	1	0
352	27.1963	68.1382	9.3	1	0
353	27.0589	69.7486	12.7	1	0
354	25.623	70.4875	11.9	1	0
355	26.6911	72.2139	11.5	1	0
356	25.5542	74.059	6.7	1	0
357	27.0022	74.6747	9.5	1	0
358	27.0255	75.9411	11.5	1	0
359	28.9796	70.6996	5.9	4	0
360	28.9767	72.7843	11.5	1	0
361	29.2142	74.2118	7.2	1	0
362	30.2698	74.1424	5.8	4	0
363	29.8339	75.6666	8.2	1	0
364	26.8897	78.3911	11.5	1	0
365	25.3858	76.0001	7.8	1	0
366	23.3222	79.6107	9.3	1	0
367	20.9225	78.8726	10	1	0
368	21.2757	77.241	9	1	0
369	23.2528	78.0087	6.9	1	0
370	24.5872	78.5132	7	1	0
371	24.4016	76.9246	8.9	1	0
372	24.1375	74.639	8.5	1	0
373	24.1901	74.497	9.1	1	0
374	24.3264	72.6778	9.1	1	0
375	21.6606	75.3114	14.8	1	0
376	21.9016	73.5107	13.5	1	0
377	21.6047	72.0992	9.4	1	0
378	23.3638	71.0174	8.3	1	0
379	21.4863	69.8422	8.2	1	0
380	21.3479	68.8397	13	1	0
381	23.6058	68.1339	6	1	0
382	21.1479	67.2869	9.8	1	0
383	23.337	66.4051	6.9	1	0
384	22.6481	65.1251	6.4	1	0
385	21.0978	65.361	11	1	0
386	21.1531	64.3417	8.5	1	0
387	20.7192	62.2479	14	1	0
388	23.0768	62.2901	6.7	1	0
389	20.4558	59.9979	9.5	1	0
390	20.4419	57.6253	14	1	0
391	23.4423	58.4949	6.3	1	0
392	22.3102	56.9326	9.5	1	0
393	21.2679	55.6528	11.1	1	0
394	22.6121	54.9399	6.6	1	0
395	21.7196	53.8155	10.3	1	0
396	21.4746	52.3078	11.7	1	0
397	21.7526	51.7174	9.5	1	0
398	22.288	50.018	5.8	1	0
399	22.5865	47.4139	6.8	1	0
400	22.7993	46.0602	12	5	0
401	24.7156	47.3935	8.4	1	0
402	24.1704	45.0954	13.5	1	0
403	25.1781	44.6062	10.6	5	0
404	27.0752	43.9337	9	1	0
405	27.3373	43.1211	10.7	1	0
406	25.1835	42.4033	10	5	0
407	26.5493	41.3711	5.4	5	0
408	24.9115	40.6937	11.5	5	0
409	25.0073	39.8362	8.4	5	0
410	25.2194	39.3339	6.8	5	0
411	25.8604	38.9382	5.6	5	0
412	24.7003	38.7178	10.7	5	0
413	23.922	39.5907	6.6	5	0
414	26.2229	36.3054	8.5	5	0
415	26.8714	36.1454	8.1	5	0
416	27.3783	34.0154	6.5	1	0
417	27.7703	32.9009	6.3	1	0
418	29.2537	32.0711	11.2	1	0
419	29.3907	30.063	9.1	1	0
420	27.5827	31.6252	12.7	1	0
421	26.4424	30.4436	12.9	1	0
422	22.7995	36.4609	11.5	1	0
423	22.9055	35.297	5.2	5	0
424	23.8987	36.4954	12.5	5	0
425	25.6106	34.7772	10.2	2	0
426	24.2703	34.1428	10.4	1	0
427	24.3398	33.1566	6.3	1	0
428	21.602	35.7115	7.5	5	0
429	20.7335	35.8707	13.8	1	0
430	21.893	33.7909	15.5	1	0
431	22.1322	32.5192	13.6	1	0
432	22.9475	30.3131	13.2	1	0
433	23.789	28.7838	15.8	1	0
434	25.3716	27.3307	8.6	1	0
435	26.658	28.1197	7.5	1	0
436	26.8929	26.8132	14	1	0
437	28.0168	27.5852	12.6	1	0
438	26.6739	24.4611	12.7	1	0
439	28.2916	22.5149	11.5	1	0
440	29.5051	23.8793	14.8	1	0
441	30.1642	27.9239	15.3	1	0
442	31.3122	26.8393	12.2	1	0
443	30.4967	25.6064	8.7	1	0
444	33.164	25.7576	9.9	1	0
445	32.7724	24.6949	12.9	1	0
446	33.8639	24.1883	12.5	1	0
447	32.987	22.3138	12.9	1	0
448	34.3501	21.3748	13.8	1	0
449	32.7596	20.4	9.9	1	0
450	32.7545	16.6963	6.7	1	0
451	36.9747	18.5321	6.8	1	0
452	38.3825	16.8633	9.5	1	0
453	37.8265	16.0392	5.5	4	0
454	37.0434	16.118	9.4	1	0
455	37.8649	14.1842	6.3	6	0
456	37.0744	13.7982	11.5	1	0
457	36.8816	11.6113	9	1	0
458	36.7543	9.4338	13.5	1	0
459	36.504	7.8163	10	2	0
460	35.216	17.3959	12.7	1	0
461	34.8426	16.0473	12	1	0
462	34.3209	14.3795	8.9	1	0
463	34.0703	13.2243	11.5	1	0
464	34.2878	11.8844	13	1	0
465	33.9961	9.8561	16.3	1	0
466	31.2734	7.8084	12.3	1	0
467	31.1659	10.1175	13.2	1	0
468	31.4065	11.5285	9.1	1	0
469	30.6393	13.2027	15.6	1	0
470	30.3592	14.7356	13.6	1	0
471	30.0653	17.2229	14	1	0
472	30.2514	18.8158	11.3	1	0
473	30.7851	20.902	16.7	1	0
474	28.1447	18.1204	11.7	1	0
475	26.6054	16.9699	15.9	1	0
476	26.9671	19.9704	16	1	0
477	24.9476	19.5792	6.9	1	0
478	25.5143	18.3936	7.8	1	0
479	24.1336	18.8856	8.8	1	0
480	22.7232	18.684	11.2	1	0
481	22.6056	16.9202	14.5	1	0
482	25.9004	14.7779	9.4	1	0
483	25.3347	13.2415	7.5	1	0
484	26.6044	12.2877	14.9	1	0
485	27.378	14.7734	11.3	1	0
486	29.1341	12.2777	13.7	1	0
487	29.6158	15.12	12.7	1	0
488	27.7659	9.8861	10.5	1	0
489	28.2513	7.8925	10.5	1	0
490	24.077	8.0405	8.2	1	0
491	21.5419	8.7662	11	1	0
492	21.751	10.991	13.2	1	0
493	23.8994	10.9307	12.5	1	0
494	22.4064	13.0323	10.6	1	0
495	21.5582	13.5434	11.4	3	0
496	20.7163	16.6719	9.5	1	0
497	20.4846	18.9224	10.4	2	0
498	19.2709	16.4672	5.9	1	0
499	18.3442	18.1589	14.9	1	0
500	18.7849	15.0427	11	1	0
501	18.8503	13.8847	15.5	1	0
502	18.8546	11.5013	12	1	0
503	19.2972	9.6808	8.7	1	0
504	18.6467	8.4395	11	1	0
505	17.1852	9.9071	8.8	1	0
506	16.5899	12.0974	9.5	2	0
507	15.7289	12.9358	6.7	1	0
508	15.6004	15.2378	17.4	1	0
509	14.4833	17.5561	15.8	1	0
510	16.7098	19.7067	12.4	1	0
511	18.0786	19.7386	9.6	1	0
512	17.7383	21.0565	14.1	1	0
513	20.3911	22.1457	15.3	1	0
514	18.511	23.1967	12.9	2	0
515	21.4206	21.6394	7.2	1	0
516	21.9228	20.3696	6.1	1	0
517	23.271	20.4311	11.9	1	0
518	20.899	23.906	12	1	0
519	23.8348	24.8286	11.2	1	0
520	24.8021	22.8627	9.3	3	0
521	25.1248	24.8171	5.7	4	0
522	22.9361	26.4318	11	1	0
523	20.3593	26.0974	16.7	1	0
524	20.2187	27.3614	11.6	1	0
525	19.5209	29.0582	12.1	1	0
526	17.4384	28.0507	11.1	1	0
527	18.0794	26.5344	7.9	1	0
528	18.519	25.7195	9.2	1	0
529	14.4243	23.9013	11.3	2	0
530	15.7383	24.811	7.5	1	0
531	15.1609	26.4773	11.7	1	0
532	13.3157	25.7379	8.7	2	0
533	13.1766	27.1306	10.5	1	0
534	12.461	27.8933	7.5	1	0
535	11.8596	29.5789	12.1	1	0
536	11.512	30.2591	11.8	1	0
537	11.4314	32.0061	10.3	1	0
538	12.2926	33.503	10.3	1	0
539	12.8552	32.307	11.3	1	0
540	13.0127	30.251	13.5	1	0
541	14.221	28.4716	13.6	1	0
542	14.7235	31.2429	7.8	1	0
543	15.9495	31.2811	9.2	1	0
544	15.5548	32.5229	11.7	1	0
545	14.4265	32.6359	9.3	1	0
546	18.5066	29.3954	9	1	0
547	18.5784	30.8105	9.8	1	0
548	17.4764	32.1701	7.1	1	0
549	18.0647	33.5808	15.9	1	0
550	15.5897	34.4464	10.2	1	0
551	17.1874	35.239	12.3	1	0
552	20.4264	37.5046	8.1	1	0
553	22.03	39.9468	10.6	1	0
554	20.4254	40.2784	14.6	1	0
555	21.5837	41.7743	9.5	1	0
556	17.5761	37.7393	11	1	0
557	16.5969	37.4928	8.6	1	0
558	16.5661	39.7147	9.2	5	0
559	15.2088	39.7873	10.2	5	0
560	13.7127	38.7498	6.1	5	0
561	14.5986	38.1396	16.3	1	0
562	14.8663	36.2941	12.5	1	0
563	13.6015	36.7471	10.1	5	0
564	12.7887	37.4085	6.3	1	0
565	12.2856	36.4075	9	5	0
566	11.5503	36.8739	10.2	1	0
567	11.1187	34.6191	5.9	1	0
568	10.3165	35.3895	7.9	4	0
569	10.2658	35.0533	10.3	4	0
570	9.2936	33.9628	8.9	5	0
571	9.2225	33.5659	8.1	5	0
572	9.3856	33.068	7.8	5	0
573	9.4831	37.0486	14.3	1	0
574	7.5196	38.1325	13.2	1	0
575	9.5695	38.6237	13.4	1	0
576	11.0054	38.6744	9	1	0
577	10.8607	40.1436	11	1	0
578	9.2091	40.7274	10.2	1	0
579	10.6986	42.0022	8	1	0
580	11.7068	43.4268	10.3	1	0
581	8.361	43.1663	9.3	1	0
582	10.0653	44.1896	8.3	1	0
583	8.6006	44.6378	8.6	1	0
584	7.9546	44.6811	9.7	5	0
585	7.142	45.6478	12.5	1	0
586	8.0669	46.8653	8.5	1	0
587	9.4808	45.8927	11.1	1	0
588	6.5314	48.0616	8.5	1	0
589	9.2689	48.4078	14.3	1	0
590	10.1282	49.784	7.3	1	0
591	11.1217	49.2042	6	4	0
592	12.1825	48.3955	13.7	1	0
593	11.6207	46.4345	13.8	1	0
594	13.1053	43.0334	6.5	5	0
595	14.8297	40.7946	12.7	1	0
596	16.9772	42.0997	9.3	1	0
597	14.3322	41.7188	10.2	1	0
598	13.7366	44.1056	13.2	1	0
599	13.7593	45.4716	11.5	1	0
600	13.5456	46.925	8.9	1	0
601	13.0077	50.9784	10.3	5	0
602	15.0769	50.0424	11.4	1	0
603	14.7234	52.3086	8.2	1	0
604	14.9411	53.6157	8.6	1	0
605	15.1066	53.7114	6.5	4	0
606	18.6793	42.2133	8.9	1	0
607	20.7528	43.1924	10.5	1	0
608	17.9221	44.7846	15.3	1	0
609	19.7907	46.5408	10.8	1	0
610	17.215	47.6697	7	1	0
611	18.2382	47.5164	10.7	1	0
612	17.1514	47.5376	12.7	1	0
613	18.988	48.6642	6.4	5	0
614	17.0484	49.957	9.8	1	0
615	19.7578	52.1712	12.1	1	0
616	16.9707	51.8948	9.3	1	0
617	17.0687	51.84	8.5	1	0
618	16.7677	53.0605	6.4	1	0
619	17.9738	53.5483	10.9	5	0
620	18.6051	55.9933	7.8	1	0
621	18.1605	58.5085	9.4	1	0
622	17.2522	58.9004	7.5	5	0
623	17.8661	59.6908	8.3	5	0
624	18.0379	60.6483	8.7	1	0
625	18.6691	62.54	8.5	5	0
626	17.9822	62.4508	8.2	1	0
627	17.6699	63.617	8.8	1	0
628	18.3074	65.764	12	1	0
629	18.5074	70.0422	10.8	1	0
630	18.3293	70.82	9.5	1	0
631	19.2703	71.6951	10.7	5	0
632	18.8252	73.0185	13.2	1	0
633	18.7948	74.0563	8.6	1	0
634	18.8172	76.3643	10.5	1	0
635	18.4757	78.7361	15.3	1	0
636	13.1845	79.9559	6.9	7	0
637	16.0336	79.0299	9.8	1	0
638	14.7432	77.9803	8.2	1	0
639	15.0194	76.9992	7.8	1	0
640	16.5969	77.6999	13.5	1	0
641	16.7299	75.8919	11	1	0
642	16.2825	73.8377	10.5	1	0
643	16.2443	71.6719	11.6	1	0
644	14.7816	71.3959	9.5	1	0
645	16.0374	69.5253	14.6	1	0
646	14.4577	68.215	4.7	8	0
647	16.5283	67.1342	12.5	1	0
648	15.0752	62.2157	7	1	0
649	15.1455	61.3439	8.6	1	0
650	16.8171	61.0682	8.8	5	0
651	15.5304	59.6538	11.5	1	0
652	16.9734	58.5877	8.3	5	0
653	15.5328	57.918	8.6	1	0
654	16.5819	57.3491	7.1	1	0
655	16.9078	57.1317	9.6	1	0
656	16.0672	56.1195	7.3	1	0
657	16.0147	55.4373	7.8	1	0
658	14.2923	56.8679	7.1	1	0
659	12.3017	55.4587	7.1	1	0
660	11.2906	54.8073	16.3	1	0
661	11.162	56.6763	8.4	1	0
662	11.9801	57.4092	8.3	1	0
663	12.7959	59.4204	10	1	0
664	10.9488	58.5825	11.7	1	0
665	9.5876	56.5587	8.2	1	0
666	9.3542	55.6238	8.5	5	0
667	10.0331	53.3575	10	1	0
668	10.2347	50.9228	11.2	2	0
669	6.2143	50.4264	9.8	1	0
670	5.9606	51.4351	12	1	0
671	6.2895	52.6319	8.3	1	0
672	8.1044	51.786	11.7	1	0
673	5.6909	54.5397	8.6	1	0
674	7.5242	54.1056	13	1	0
675	8.3699	54.74	7.3	4	0
676	8.698	54.8247	6.8	4	0
677	5.6719	56.2036	6.6	1	0
678	5.574	56.9807	6.9	1	0
679	7.7243	58.1918	9	1	0
680	5.2148	58.4535	8.3	1	0
681	5.3945	59.3079	11.1	1	0
682	5.1869	60.8219	15.8	1	0
683	7.7289	59.8411	11.7	1	0
684	8.0093	61.407	6.6	1	0
685	7.9931	63.3356	11.4	1	0
686	9.0926	63.185	12.3	1	0
687	10.5152	62.1191	11.8	1	0
688	12.3479	61.3188	13	1	0
689	13.3743	63.4181	11.3	1	0
690	13.8595	65.2237	8.9	1	0
691	11.5289	65.3044	10.1	1	0
692	8.7371	66.78	14.8	1	0
693	6.0305	64.0665	10.7	1	0
694	6.5652	67.4285	11.4	1	0
695	6.7447	68.7524	12.2	1	0
696	8.8839	68.6095	11.2	1	0
697	9.0944	70.5935	12.1	1	0
698	10.36	70.5794	8.7	1	0
699	12.836	69.4489	13.7	1	0
700	12.7546	71.9315	11	1	0
701	13.6297	75.2652	11.2	1	0
702	13.3549	76.8277	13	1	0
703	11.7134	74.2481	10	1	0
704	11.3875	72.3861	8.3	1	0
705	7.4149	71.1141	6.9	1	0
706	7.1709	72.3217	11.7	1	0
707	9.2182	72.0177	9.8	1	0
708	9.594	74.0243	11	1	0
709	7.8236	74.8673	11	1	0
710	10.056	76.1899	12.5	1	0
711	10.3321	77.8272	7.6	1	0
712	8.8498	77.8453	8.6	1	0
713	7.7026	77.6769	13.7	1	0
714	8.1265	79.2772	10.5	1	0
715	4.5276	79.063	16.6	1	0
716	4.9302	77.9397	6.6	1	0
717	5.0553	75.0934	13.5	1	0
718	4.2535	73.7154	5.1	4	0
719	5.0419	72.7505	12.8	1	0
720	5.0462	70.0217	16.2	1	0
721	3.7693	70.4337	8.3	1	0
722	3.7717	68.0225	13	1	0
723	2.3691	68.6865	11.7	1	0
724	0.5443	66.7552	12.3	1	0
725	3.1672	65.3989	13.6	1	0
726	1.9674	64.3088	9.1	1	0
727	0.8129	65.0653	7.3	1	0
728	0.0489	62.3257	9.9	1	0
729	3.2449	62.3376	18.5	1	0
730	1.9641	61.0675	10.5	1	0
731	1.1818	59.6723	9	1	0
732	1.1723	58.3289	8.9	1	0
733	2.3126	58.0146	4.9	1	0
734	3.0367	56.0979	17	1	0
735	2.4239	54.0424	6.8	1	0
736	4.2139	53.5554	11.2	1	0
737	2.5834	52.8131	9.3	1	0
738	4.8782	50.8055	6.7	1	0
739	3.0529	50.5768	9.4	1	0
740	0.9652	54.1917	8.3	1	0
741	0.4804	55.002	4.8	1	0
742	0.3172	56.3724	9.8	1	0
743	2.0451	73.0679	11.6	1	0
744	2.5259	75.038	14.8	1	0
745	2.8837	77.6276	10.9	1	0
746	9.8536	12.2964	8.7	1	0
747	33.9047	34.363	15.4	1	0
