Number	x	y	dbh    species	ht
1	14.9389	46.0172	25.1 	1	0
2	7.2461	3.5063	7.2 	2	0
3	14.3541	2.1795	6.4 	2	0
4	7.1367	10.3305	5.7 	2	0
5	4.173	11.5513	5.2 	2	0
6	26.4708	24.4739	6.7 	2	0
7	35.1147	9.7427	5.4 	2	0
8	34.525	3.1543	5.9 	2	0
9	37.657	4.4657	5.2 	2	0
10	40.9452	2.3316	5.2 	2	0
11	31.5973	24.6085	6.4 	2	0
12	32.3555	28.6411	6.8 	2	0
13	67.675	18.1377	5.3 	2	0
14	67.5837	18.2318	5.0 	2	0
15	55.8006	23.2475	5.5 	2	0
16	44.8999	36.1427	5.6 	2	0
17	44.845	36.2477	6.0 	2	0
18	44.7824	36.3731	5.8 	2	0
19	33.5251	34.303	5.7 	2	0
20	28.0264	31.6506	5.2 	2	0
21	28.9101	30.3496	5.0 	2	0
22	21.1547	37.8476	5.5 	2	0
23	43.8114	45.8345	7.0 	2	0
24	43.7608	45.8498	7.0 	2	0
25	43.9435	45.8838	6.3 	2	0
26	43.9558	46.0628	5.9 	2	0
27	41.9917	47.4227	6.0 	2	0
28	44.5315	59.4629	5.9 	2	0
29	46.6168	61.4165	6.3 	2	0
30	34.5045	64.4188	5.1 	2	0
31	40.8057	64.1842	5.2 	2	0
32	67.4081	60.9692	5.5 	2	0
33	66.8998	59.6459	5.1 	2	0
34	61.8326	59.6752	8.7 	2	0
35	60.9054	53.1008	5.7 	2	0
36	55.4187	34.6798	9.5 	3	0
37	45.595	3.8068	5.0 	4	0
38	30.9092	0.383	8.3 	4	0
39	44.2047	1.8954	5.8 	4	0
40	49.8828	7.2441	16.3 	4	0
41	50.1611	7.2887	11.8 	4	0
42	41.8728	18.0199	13.7 	4	0
43	52.7135	38.5039	7.9 	4	0
44	52.8848	42.2642	8.4 	4	0
45	48.2546	61.5993	5.2 	4	0
46	59.9053	46.5575	31.3 	4	0
47	65.5804	54.9116	6.6 	4	0
48	14.2	53.6762	10.5 	4	0
49	14.4666	53.3688	11.7 	4	0
50	20.9253	53.3893	8.2 	4	0
51	30.5003	50.9646	23.4 	4	0
52	49.2995	65.3286	8.8 	4	0
53	53.8942	57.8278	14.9 	4	0
54	56.0072	61.0365	7.8 	4	0
55	63.7189	68.1742	9.7 	4	0
56	64.0548	68.018	23.1 	4	0
57	60.0981	53.3349	16.8 	4	0
58	47.7126	27.431	10.0 	5	0
59	55.6535	43.677	22.4 	6	0
60	38.2863	60.7026	15.1 	6	0
61	39.1264	60.4168	8.5 	6	0
62	39.7085	67.0789	9.4 	6	0
63	56.888	69.3091	12.2 	6	0
64	54.6315	5.6505	8.9 	7	0
65	26.472	42.6573	7.3 	8	0
66	3.1576	22.0862	9.0 	9	0
67	13.9102	35.8913	7.1 	9	0
68	11.6746	15.021	8.9 	9	0
69	35.0777	20.872	5.9 	9	0
70	44.8082	5.4229	6.9 	9	0
71	41.586	0.623	5.5 	9	0
72	54.0524	2.2275	5.8 	9	0
73	46.6509	12.9993	7.3 	9	0
74	51.2306	21.2117	8.8 	9	0
75	50.2528	31.8934	11.2 	9	0
76	22.989	37.5088	8.5 	9	0
77	50.5113	48.7489	12.2 	9	0
78	43.2643	56.6318	14.6 	9	0
79	49.8023	58.0968	24.7 	9	0
80	57.5177	38.7108	10.8 	9	0
81	58.9003	26.3005	7.3 	9	0
82	4.6691	59.9678	6.3 	9	0
83	8.5313	69.2312	6.5 	9	0
84	7.7608	64.6803	11.6 	9	0
85	12.8038	57.4921	5.1 	9	0
86	15.5015	58.3611	5.3 	9	0
87	23.8815	51.249	8.5 	9	0
88	34.8861	57.9486	20.2 	9	0
89	36.8453	63.2205	8.6 	9	0
90	40.2041	67.4055	5.1 	9	0
91	53.242	64.9242	11.0 	9	0
92	52.4891	65.2985	6.5 	9	0
93	2.5238	15.7289	36.1 	10	0
94	57.9633	37.281	14.3 	10	0
95	19.1598	47.4197	33.0 	10	0
96	9.5183	27.7939	5.1 	11	0
97	10.3319	35.2738	5.6 	11	0
98	67.3014	5.8336	6.7 	11	0
99	21.4995	34.1961	5.8 	11	0
100	23.0453	36.2782	5.9 	11	0
101	25.6579	42.3897	16.4 	11	0
102	27.2068	43.0845	10.3 	11	0
103	24.8448	43.9368	8.0 	11	0
104	33.6176	43.3054	5.1 	11	0
105	32.5349	46.6989	6.4 	11	0
106	47.5036	62.28	6.6 	11	0
107	47.196	57.5502	5.6 	11	0
108	47.1843	57.3485	8.6 	11	0
109	64.8599	27.0651	6.7 	11	0
110	69.956	45.5442	6.4 	11	0
111	8.0001	42.8495	11.8 	11	0
112	8.3557	46.1208	7.6 	11	0
113	8.5802	46.2772	7.2 	11	0
114	8.4995	46.2468	5.7 	11	0
115	0.1737	63.5793	5.9 	11	0
116	4.3571	69.4033	6.2 	11	0
117	4.1181	69.3187	5.9 	11	0
118	12.3126	46.5899	5.7 	11	0
119	16.564	51.4896	5.7 	11	0
120	31.2022	60.5403	8.0 	11	0
121	30.8548	66.8255	5.2 	11	0
122	31.1378	65.9434	6.1 	11	0
123	35.3113	68.6954	5.1 	11	0
124	35.3469	68.7771	5.4 	11	0
125	68.2648	62.5261	6.0 	11	0
126	59.5049	58.0201	7.2 	11	0
127	58.7136	56.3968	8.6 	11	0
128	58.7352	56.5755	7.5 	11	0
129	28.0615	11.3469	13.2 	12	0
130	55.7369	6.2387	24.9 	12	0
131	65.6568	21.1758	17.6 	12	0
132	50.4956	22.2391	21.9 	12	0
133	15.3441	41.3467	9.3 	12	0
134	13.1308	52.2728	5.9 	12	0
135	3.3641	24.888	7.6 	14	0
136	3.762	27.8752	14.2 	14	0
137	6.0409	26.5005	10.9 	14	0
138	8.096	21.4569	12.6 	14	0
139	12.0018	26.0261	9.6 	14	0
140	8.238	26.8315	16.3 	14	0
141	6.8668	30.7754	17.8 	14	0
142	9.7457	31.7299	8.5 	14	0
143	10.1508	35.1763	11.5 	14	0
144	14.0686	33.2576	8.4 	14	0
145	12.4514	28.8692	18.3 	14	0
146	15.4322	31.2099	28.0 	14	0
147	15.051	20.8699	8.4 	14	0
148	17.7184	14.8574	7.3 	14	0
149	17.9362	14.9972	16.3 	14	0
150	26.6322	21.8686	15.6 	14	0
151	39.146	5.2538	6.8 	14	0
152	54.748	22.8668	5.7 	14	0
153	27.1312	33.8439	13.4 	14	0
154	27.9706	36.0762	29.0 	14	0
155	19.6116	26.2368	10.7 	14	0
156	17.734	26.65	10.3 	14	0
157	27.7358	37.9467	11.8 	14	0
158	27.7637	40.9012	6.6 	14	0
159	28.4925	43.6138	7.9 	14	0
160	24.5455	44.6636	6.9 	14	0
161	39.4561	40.642	6.5 	14	0
162	39.8805	54.0704	11.5 	14	0
163	40.7063	56.4073	33.2 	14	0
164	41.6054	58.164	10.0 	14	0
165	15.3431	63.8719	12.4 	14	0
166	22.3071	56.807	16.3 	14	0
167	22.6224	54.1934	7.2 	14	0
168	24.5007	57.294	31.7 	14	0
169	24.4322	52.2045	6.2 	14	0
170	23.0708	50.5255	20.0 	14	0
171	28.6749	49.6514	20.6 	14	0
172	34.0121	51.9322	10.2 	14	0
173	29.6628	57.4399	17.5 	14	0
174	28.9278	53.2511	13.1 	14	0
175	28.1391	61.4262	26.1 	14	0
176	24.9247	63.422	17.5 	14	0
177	21.1618	69.7154	11.5 	14	0
178	25.9577	67.7745	29.8 	14	0
179	55.1769	66.7574	5.0 	14	0
180	63.6124	10.8623	6.9 	15	0
181	18.3487	15.5705	15.9 	16	0
182	31.7465	17.9753	15.8 	16	0
183	37.4826	10.5752	55.0 	16	0
184	68.8948	10.8115	7.4 	16	0
185	67.5394	9.4106	16.1 	16	0
186	44.7529	11.3563	16.1 	16	0
187	26.0548	27.9486	31.2 	16	0
188	21.5721	42.6273	24.9 	16	0
189	5.3946	45.2113	7.6 	17	0
190	15.7053	46.4618	5.0 	17	0
191	12.9453	14.8051	11.1 	18	0
192	31.4056	25.9045	26.5 	18	0
193	38.0712	35.5743	11.6 	18	0
194	20.6295	40.9764	11.8 	18	0
195	49.4579	51.7753	16.0 	18	0
196	55.6427	32.667	15.8 	18	0
197	42.7572	25.9488	5.8 	19	0
198	17.3086	3.1251	11.8 	20	0
199	48.7125	5.9415	18.6 	21	0
200	50.7822	10.06	27.5 	21	0
201	4.1941	59.0148	5.1 	22	0
202	43.3961	66.3356	20.0 	22	0
203	43.4099	66.501	13.7 	22	0
204	13.9859	24.0558	17.9 	23	0
205	9.671	10.9136	14.2 	23	0
206	24.6828	10.6305	9.0 	23	0
207	14.9965	14.5037	7.2 	23	0
208	26.3435	15.7767	11.8 	23	0
209	52.7255	10.8054	15.6 	23	0
210	11.3674	63.5632	8.3 	23	0
211	13.0655	6.4665	15.3 	24	0
212	5.6399	15.78	20.6 	24	0
213	3.6971	21.4585	30.4 	24	0
214	6.6991	24.9023	43.0 	24	0
215	8.3718	33.5108	9.1 	24	0
216	3.5092	33.2138	15.4 	24	0
217	5.7995	36.6629	29.6 	24	0
218	12.8121	39.5457	34.9 	24	0
219	15.5381	25.8925	20.5 	24	0
220	19.0267	12.3574	56.1 	24	0
221	20.4232	19.6797	24.4 	24	0
222	23.4783	23.4241	13.5 	24	0
223	28.5487	18.4285	13.6 	24	0
224	36.7369	23.3501	13.0 	24	0
225	36.7442	18.6519	38.6 	24	0
226	39.8235	2.4871	37.4 	24	0
227	43.8123	0.6084	36.6 	24	0
228	62.6963	7.6317	34.8 	24	0
229	56.9871	5.8769	8.9 	24	0
230	53.4681	6.0899	53.2 	24	0
231	48.4929	5.3037	14.3 	24	0
232	44.6413	13.4338	32.8 	24	0
233	42.0151	16.3515	29.7 	24	0
234	41.6843	28.418	38.4 	24	0
235	43.0365	24.4934	31.7 	24	0
236	47.0799	25.3017	15.1 	24	0
237	46.8749	18.6436	24.2 	24	0
238	49.3496	14.8867	18.1 	24	0
239	64.6909	11.4231	19.7 	24	0
240	67.3933	12.2349	23.5 	24	0
241	68.6764	20.2692	6.9 	24	0
242	68.7697	20.5226	8.8 	24	0
243	59.9817	19.2543	26.1 	24	0
244	51.0474	22.1088	37.8 	24	0
245	54.7407	25.8476	30.7 	24	0
246	17.898	25.8255	12.9 	24	0
247	34.7172	40.0584	18.1 	24	0
248	11.4882	41.5627	11.8 	24	0
249	53.2502	33.9546	47.3 	24	0
250	53.4002	37.073	31.9 	24	0
251	50.7878	38.4889	13.5 	24	0
252	38.6929	47.6262	35.6 	24	0
253	58.8882	38.7046	14.4 	24	0
254	59.1429	35.512	12.8 	24	0
255	60.5817	34.4081	49.4 	24	0
256	60.066	27.61	10.6 	24	0
257	65.0336	27.0345	17.1 	24	0
258	69.8578	25.6125	28.3 	24	0
259	67.8152	30.0424	24.7 	24	0
260	63.2631	40.2839	34.6 	24	0
261	63.2136	44.0023	26.4 	24	0
262	67.6046	47.9732	55.5 	24	0
263	3.0559	38.5276	7.3 	24	0
264	1.8822	51.8351	24.9 	24	0
265	4.7927	56.3856	21.0 	24	0
266	4.9179	56.5974	16.2 	24	0
267	4.7014	60.5581	39.5 	24	0
268	8.3978	60.7765	22.7 	24	0
269	12.5853	58.6436	17.1 	24	0
270	13.1107	63.187	27.1 	24	0
271	15.8724	62.426	12.6 	24	0
272	10.1186	54.3136	5.6 	24	0
273	13.0789	55.0261	26.6 	24	0
274	13.8684	53.8177	15.2 	24	0
275	21.6212	58.4428	28.5 	24	0
276	24.1097	53.5404	18.5 	24	0
277	33.0992	62.7924	26.5 	24	0
278	28.2089	65.0978	47.6 	24	0
279	29.4532	67.8447	11.2 	24	0
280	29.5841	66.6586	17.6 	24	0
281	35.8645	66.9681	29.0 	24	0
282	36.9965	69.8174	15.7 	24	0
283	35.1017	64.9963	17.5 	24	0
284	45.91	69.3518	32.2 	24	0
285	57.1096	59.9473	26.5 	24	0
286	56.8759	60.3057	32.6 	24	0
287	50.0915	66.6895	21.0 	24	0
288	52.9302	66.4677	15.0 	24	0
289	67.3025	68.0227	18.0 	24	0
290	65.2207	58.7679	15.4 	24	0
291	60.08	58.3062	31.8 	24	0
292	68.6393	57.3571	35.0 	24	0
293	25.9227	7.2746	17.2 	25	0
294	36.1604	0.5076	16.7 	25	0
295	50.447	53.6156	15.1 	25	0
296	53.6893	50.2729	23.5 	25	0
297	4.6602	61.5986	8.3 	25	0
298	0.9102	69.9741	7.0 	25	0
299	8.9427	62.2363	5.0 	25	0
300	9.2417	59.7526	6.2 	25	0
301	17.4609	9.3386	7.3 	26	0
302	17.2313	9.6971	5.2 	26	0
303	10.4522	7.7536	7.1 	26	0
304	28.2135	63.332	10.5 	26	0
305	45.8257	65.7534	5.3 	26	0
306	52.9373	31.3479	5.5 	27	0
307	48.2337	34.0078	22.6 	27	0
308	6.9965	3.5222	20.5 	28	0
309	13.3078	1.224	23.4 	28	0
310	15.9293	1.788	38.8 	28	0
311	19.8461	6.3344	19.7 	28	0
312	7.8224	8.4819	19.0 	28	0
313	7.2665	17.6552	24.2 	28	0
314	3.1625	13.3268	21.5 	28	0
315	1.3071	6.9273	32.1 	28	0
316	2.8053	20.4928	24.7 	28	0
317	22.0739	11.1335	27.6 	28	0
318	18.7725	21.7862	22.0 	28	0
319	27.1704	21.9849	28.3 	28	0
320	33.5361	14.6628	22.5 	28	0
321	34.87	1.4786	32.8 	28	0
322	38.4698	1.2471	12.4 	28	0
323	67.2692	8.3017	18.8 	28	0
324	36.5327	25.6865	30.5 	28	0
325	29.6749	28.696	32.6 	28	0
326	66.7985	18.7725	22.1 	28	0
327	37.6437	38.646	44.0 	28	0
328	18.9937	36.5023	6.5 	28	0
329	8.0034	40.993	7.3 	28	0
330	39.9414	49.7477	41.5 	28	0
331	38.8714	57.5502	40.0 	28	0
332	60.4872	27.8682	37.2 	28	0
333	62.6065	27.3154	15.5 	28	0
334	67.194	36.0744	21.4 	28	0
335	62.8113	41.4535	27.7 	28	0
336	64.5112	43.0115	30.4 	28	0
337	4.7252	47.79	21.5 	28	0
338	1.1989	48.691	20.9 	28	0
339	4.0183	51.6913	8.0 	28	0
340	3.8066	54.9726	16.3 	28	0
341	17.5366	60.623	10.5 	28	0
342	23.4208	46.8676	22.7 	28	0
343	66.102	60.5932	35.7 	28	0
344	7.344	13.9398	5.8 	29	0
345	37.7254	29.6454	14.9 	29	0
346	37.8264	29.9702	37.8 	29	0
347	60.5143	63.759	5.4 	29	0
348	21.0018	30.2881	7.0 	30	0
349	3.9395	0.4548	7.3 	31	0
350	4.0441	1.881	6.8 	31	0
351	5.7107	1.0313	13.4 	31	0
352	5.4066	2.3833	6.0 	31	0
353	8.1839	3.5283	12.7 	31	0
354	10.0242	1.0938	5.9 	31	0
355	17.4693	2.6472	5.1 	31	0
356	19.7565	2.9887	7.6 	31	0
357	15.8998	8.6284	7.3 	31	0
358	12.7621	5.9331	6.5 	31	0
359	10.2229	5.4587	14.2 	31	0
360	3.0834	12.8925	5.4 	31	0
361	3.1092	10.2423	11.3 	31	0
362	3.1533	8.8515	6.3 	31	0
363	1.2748	8.3767	12.5 	31	0
364	15.9312	30.9273	5.7 	31	0
365	13.7542	21.0229	5.1 	31	0
366	20.9242	13.6318	5.0 	31	0
367	20.5907	10.3123	9.3 	31	0
368	22.7377	8.1939	5.3 	31	0
369	25.5815	5.0544	5.6 	31	0
370	28.0253	3.5862	16.5 	31	0
371	23.6182	14.8366	9.0 	31	0
372	20.1985	23.5859	7.0 	31	0
373	23.7098	21.4046	10.0 	31	0
374	33.559	22.2067	11.4 	31	0
375	36.459	22.59	11.2 	31	0
376	43.0622	6.7224	6.5 	31	0
377	60.1866	2.3941	12.6 	31	0
378	65.1353	1.466	21.3 	31	0
379	67.7424	4.1708	5.0 	31	0
380	64.844	6.1099	12.7 	31	0
381	58.6239	6.2552	7.0 	31	0
382	48.0748	9.3491	8.0 	31	0
383	37.6395	25.9922	5.6 	31	0
384	45.4774	24.1894	10.8 	31	0
385	53.7873	12.4142	7.9 	31	0
386	54.3032	13.6972	16.2 	31	0
387	59.8826	9.9805	6.4 	31	0
388	61.2197	14.0375	10.2 	31	0
389	62.5425	11.3615	15.3 	31	0
390	68.4008	13.9337	9.8 	31	0
391	67.4696	15.1943	14.5 	31	0
392	67.683	20.1221	5.1 	31	0
393	57.2079	18.4152	7.1 	31	0
394	54.6374	23.8432	5.6 	31	0
395	37.6808	32.5546	10.8 	31	0
396	33.5212	40.361	20.4 	31	0
397	49.7151	44.2187	7.2 	31	0
398	40.2266	43.0722	19.0 	31	0
399	47.5273	56.1291	8.4 	31	0
400	57.1891	30.5713	5.3 	31	0
401	63.817	31.248	8.4 	31	0
402	67.8392	40.6239	6.5 	31	0
403	67.5776	41.7131	6.2 	31	0
404	62.4101	47.0787	9.6 	31	0
405	62.3877	47.2102	6.2 	31	0
406	26.485	48.6586	7.9 	31	0
407	28.5158	64.5869	9.6 	31	0
408	43.2158	68.4073	10.1 	31	0
409	50.7915	60.0616	5.1 	31	0
410	58.969	62.9339	9.9 	31	0
411	17.4836	7.9348	6.2 	32	0
412	61.095	67.8883	37.5 	33	0
