Number	x	y	dbh	species	ht
1	110.5489	26.1611	5.4 	1	10.7 
2	96.0414	61.8271	5.0 	1	7.4 
3	86.9468	14.2187	5.0 	2	4.6 
4	137.5871	3.947	5.4 	2	4.2 
5	119.3677	24.619	6.6 	2	7.0 
6	101.4984	12.577	5.2 	2	5.6 
7	85.1785	7.5337	5.7 	2	3.9 
8	92.3741	17.1596	5.0 	2	5.8 
9	134.4503	33.9407	5.9 	2	6.0 
10	114.6899	38.9774	5.0 	2	6.1 
11	116.975	40.7023	5.1 	2	6.1 
12	119.466	42.9263	17.8 	2	13.9 
13	119.8651	42.6987	5.0 	2	7.0 
14	106.7228	34.5798	8.8 	2	7.6 
15	102.8559	25.3297	6.9 	2	6.8 
16	95.7626	26.2905	7.0 	2	5.5 
17	76.0249	34.9135	5.4 	2	6.4 
18	76.1053	34.9749	5.7 	2	6.7 
19	80.6017	37.4909	5.0 	2	5.7 
20	72.6687	59.4819	5.1 	2	6.3 
21	83.2825	65.8268	5.8 	2	5.5 
22	83.0889	64.3951	5.3 	2	5.7 
23	109.4377	44.0925	6.0 	2	7.8 
24	139.1297	62.0935	6.8 	2	5.9 
25	139.1472	62.0963	6.0 	2	5.7 
26	81.3931	3.871	23.8 	3	15.2 
27	78.7173	11.069	14.1 	3	9.7 
28	70.0156	63.0186	5.8 	3	6.0 
29	130.9298	26.5099	43.5 	3	14.8 
30	130.5431	26.608	29.2 	3	14.0 
31	110.6	20.4439	22.9 	3	13.2 
32	100.521	15.5584	6.0 	3	7.9 
33	90.6412	7.2806	5.0 	3	6.5 
34	95.8847	14.4805	10.4 	3	9.6 
35	124.5984	32.6788	20.6 	3	9.9 
36	134.2717	57.2238	26.5 	3	16.9 
37	117.7627	43.9966	9.6 	3	8.0 
38	109.0828	40.4845	12.8 	3	12.8 
39	107.0138	38.7896	14.8 	3	11.1 
40	101.8543	35.1613	22.2 	3	13.9 
41	100.1759	33.4134	5.5 	3	6.8 
42	77.105	27.6656	5.0 	3	4.5 
43	89.0621	29.9495	5.5 	3	6.4 
44	86.3524	39.7527	15.1 	3	8.2 
45	83.9591	44.049	26.2 	3	13.5 
46	85.1855	55.9199	16.6 	3	15.6 
47	92.8579	61.6304	22.4 	3	11.4 
48	102.4269	47.1047	6.4 	3	5.5 
49	99.0511	57.9653	29.4 	3	16.7 
50	102.6095	57.7097	6.1 	3	7.9 
51	110.3951	63.975	16.4 	3	11.5 
52	112.4353	57.1969	7.8 	3	7.8 
53	113.8561	53.6836	15.1 	3	10.9 
54	114.3671	52.9051	21.9 	3	11.4 
55	123.5645	49.5155	7.6 	3	7.1 
56	121.6798	64.9542	13.1 	3	10.5 
57	131.4774	55.5423	21.7 	3	13.1 
58	139.4886	53.1213	24.2 	3	11.2 
59	113.6603	45.253	5.1 	4	6.8 
60	74.076	41.6479	7.2 	4	5.7 
61	96.0753	0.2657	8.7 	5	10.9 
62	97.8001	52.9684	35.0 	5	17.5 
63	98.1686	52.726	22.1 	5	18.2 
64	108.3635	49.6104	5.3 	6	7.6 
65	107.7988	50.9158	5.0 	6	7.6 
66	118.7484	45.7436	6.5 	7	7.8 
67	72.5313	20.9214	12.1 	8	13.3 
68	75.9448	18.7587	12.3 	8	8.2 
69	79.8601	9.8842	5.8 	8	5.4 
70	108.8631	1.8144	10.4 	8	5.6 
71	131.4206	6.0928	16.7 	8	8.7 
72	133.658	7.5282	6.2 	8	8.2 
73	135.1524	10.9467	22.9 	8	12.4 
74	139.1176	13.3702	5.0 	8	6.7 
75	137.0063	17.4748	8.8 	8	11.6 
76	128.92	26.6005	6.6 	8	6.2 
77	111.0212	13.1102	8.3 	8	5.1 
78	115.5457	16.491	19.5 	8	12.7 
79	109.4361	19.0268	22.2 	8	14.3 
80	108.9512	18.9605	18.2 	8	14.0 
81	87.1896	21.8231	5.9 	8	6.8 
82	94.0937	19.3424	7.7 	8	8.1 
83	98.2774	20.5457	5.5 	8	7.2 
84	139.4314	32.5442	6.0 	8	8.6 
85	130.8456	36.5582	13.0 	8	10.6 
86	130.2194	36.3699	9.5 	8	11.9 
87	130.2756	36.0745	9.4 	8	11.4 
88	110.3834	40.6753	5.3 	8	4.1 
89	108.1803	30.634	6.6 	8	5.0 
90	109.8847	44.0616	8.8 	8	9.2 
91	73.6774	32.9843	15.7 	8	13.4 
92	80.1982	43.6789	8.8 	8	8.2 
93	80.5925	43.7675	20.5 	8	11.7 
94	80.4511	43.8292	14.8 	8	9.3 
95	76.4836	65.8123	6.9 	8	8.7 
96	122.242	49.5416	16.2 	8	10.9 
97	117.9794	55.9372	12.2 	8	8.4 
98	106.1442	17.8631	16.3 	9	16.6 
99	75.1056	9.0773	5.4 	10	6.2 
100	72.5258	24.2664	5.4 	10	7.5 
101	70.0223	45.5289	7.0 	10	10.6 
102	123.2189	1.7724	5.1 	10	5.4 
103	135.6956	25.8441	8.3 	10	6.6 
104	125.9348	20.2428	6.0 	10	7.2 
105	74.533	38.5982	6.3 	10	6.2 
106	76.348	66.1504	7.3 	10	6.4 
107	102.0867	62.3181	5.2 	10	4.9 
108	104.7949	62.6814	6.5 	10	7.2 
109	105.2994	68.2185	10.0 	10	6.6 
110	137.3085	10.755	5.4 	11	7.0 
111	130.158	21.7195	5.9 	11	7.7 
112	129.9309	22.0606	6.8 	11	7.9 
113	128.8416	30.6416	6.3 	11	8.1 
114	130.2521	26.7047	21.0 	12	14.2 
115	128.694	27.2736	20.0 	12	12.7 
116	124.4982	20.3895	16.0 	12	12.7 
117	117.9572	13.8819	22.2 	12	10.4 
118	100.0064	10.8892	16.6 	12	8.4 
119	133.3308	35.3108	23.1 	12	13.4 
120	119.3083	37.2514	16.0 	12	16.8 
121	113.4735	35.8253	20.0 	12	11.2 
122	108.8837	41.8351	4.4 	12	13.0 
123	99.129	30.0244	17.7 	12	11.4 
124	98.9349	30.2494	12.0 	12	12
125	88.0962	46.9709	32.3 	12	9.4 
126	85.3262	50.8527	31.8 	12	14.9 
127	81.2487	53.3123	21.4 	12	15.0 
128	101.8513	47.3281	28.9 	12	14.0 
129	101.5814	47.4717	21.8 	12	14.8 
130	101.2549	47.2737	35.1 	12	15.4 
131	98.8948	68.4656	9.8 	12	7.8 
132	110.8273	69.6872	17.7 	12	10.1 
133	111.1009	69.9273	21.0 	12	9.7 
134	115.9772	61.9241	26.8 	12	14.6 
135	106.0632	58.5052	26.5 	12	14.4 
136	139.8251	58.4912	28.8 	12	15.9 
137	139.8317	58.6954	18.8 	12	10.8 
138	139.7384	59.2766	22.8 	12	11.7 
139	136.0076	67.4907	19.4 	12	11.9 
140	110.2253	33.1439	6.6 	13	11.9 
141	110.2519	32.721	5.1 	13	6.9 
142	92.0913	27.7066	5.5 	13	6.4 
143	130.7086	6.6161	5.4 	13	8.3 
144	130.6065	6.9804	5.4 	13	9.2 
145	89.9353	68.8274	5.4 	13	3.8 
146	103.1787	54.6981	5.7 	13	8.4 
147	71.2398	21.1285	6.8 	14	4.5 
148	79.9346	23.0398	13.6 	14	10.9 
149	80.1348	23.5944	6.2 	14	6.5 
150	116.1913	10.3068	28.4 	14	20.8 
151	103.2592	19.3002	6.0 	14	5.6 
152	104.1995	22.8717	5.0 	14	4.5 
153	114.362	30.2368	16.5 	14	11.8 
154	96.8659	64.63	9.5 	14	8.6 
155	107.5674	59.8192	5.4 	14	4.0 
156	129.3014	10.0484	20.5 	15	10.8 
157	129.0257	10.3078	37.6 	15	19.3 
158	129.5876	10.3284	36.8 	15	18.7 
159	73.0018	52.8512	9.6 	16	7.5 
160	97.4293	36.6764	19.1 	17	15.0 
161	84.5835	40.531	18.2 	17	11.9 
162	118.2712	2.4212	8.6 	18	6.3 
163	135.5952	16.0758	35.9 	19	20.4 
164	120.27	28.3548	38.1 	19	21.2 
165	104.6239	30.5333	30.6 	19	19.3 
166	81.4841	32.9363	21.8 	19	21.2 
167	76.7544	36.2463	49.3 	19	21.4 
168	79.5469	37.9618	62.2 	19	20.0 
169	75.9707	51.1974	16.2 	19	14.4 
170	75.9599	51.1955	20.9 	19	19.1 
171	98.5764	66.6202	17.0 	19	16.9 
172	94.0391	13.1177	5.1 	20	6.2 
173	116.1684	34.1562	5.1 	20	6.5 
174	75.2125	11.7496	29.5 	21	14.8 
175	92.1157	14.8897	17.7 	21	13.2 
176	103.1069	19.8758	9.3 	21	9.3 
177	138.3689	36.0173	17.7 	21	11.2 
178	135.9407	47.8916	19.0 	21	13.1 
179	133.1768	49.4379	15.9 	21	20.1 
180	127.8289	52.8084	23.9 	21	16.1 
181	121.7872	44.7982	22.1 	21	12.6 
182	107.7244	31.5544	20.5 	21	13.4 
183	105.8534	31.9783	19.5 	21	11.4 
184	87.8702	46.4099	9.1 	21	9.9 
185	81.9379	67.8085	7.3 	21	6.7 
186	80.5454	62.0985	13.1 	21	10.3 
187	88.3903	66.8087	20.4 	21	13.9 
188	108.3075	69.9002	5.2 	21	6.7 
189	116.3948	63.1291	17.7 	21	14.7 
190	79.1172	28.4345	8.6 	22	9.2 
191	77.0787	10.7869	14.4 	23	12.1 
192	102.6908	21.6874	5.2 	23	6.7 
193	137.6196	8.0945	8.5 	24	11.8 
194	123.9094	24.6436	8.2 	24	10.5 
195	114.8314	47.5972	13.7 	24	13.6 
196	88.1569	32.509	13.3 	24	9.4 
197	70.6039	55.1006	9.5 	24	9.3 
198	95.5626	66.9994	10.7 	24	10.7 
199	101.4912	59.6053	14.4 	24	16.2 
200	79.9179	20.5421	16.8 	25	13.7 
201	104.1026	17.3352	9.7 	25	11.4 
202	135.6319	68.1819	6.1 	25	9.3 
203	72.4062	3.4855	29.0 	26	21.0 
204	70.6178	11.0545	31.0 	26	23.1 
205	70.4583	11.5739	33.7 	26	22.7 
206	71.9297	21.2022	23.9 	26	22.7 
207	74.9124	19.0019	28.6 	26	24.1 
208	78.5983	13.8483	17.4 	26	14.9 
209	75.1366	3.1605	5.5 	26	5.1 
210	78.5507	11.6889	10.4 	26	10.3 
211	83.6384	12.2873	49.2 	26	20.8 
212	75.8856	20.9102	25.3 	26	22.4 
213	79.203	23.5418	23.4 	26	24.7 
214	81.5195	21.1551	16.2 	26	14.3 
215	73.3421	26.5418	22.6 	26	19.6 
216	91.2713	5.7213	22.1 	26	21.3 
217	111.3561	2.297	24.4 	26	8.9 
218	125.342	8.9979	23.2 	26	20.6 
219	134.3753	20.559	6.6 	26	8.6 
220	138.2577	23.3048	39.5 	26	21.9 
221	129.8759	24.2389	23.7 	26	21.4 
222	122.1138	23.306	18.1 	26	8.1 
223	119.3587	21.0395	27.2 	26	17.8 
224	106.553	4.3933	6.3 	26	5.3 
225	104.8932	8.032	8.0 	26	6.6 
226	106.3439	9.1405	11.4 	26	9.6 
227	115.2317	17.1698	13.2 	26	12.1 
228	114.9185	20.6569	5.4 	26	6.9 
229	101.4802	15.2492	16.3 	26	12.3 
230	100.9442	15.0368	20.3 	26	15.9 
231	101.0487	15.4612	17.2 	26	17.3 
232	98.2967	13.0909	24.7 	26	17.5 
233	95.3488	5.131	34.8 	26	20.5 
234	94.8222	15.7847	21.1 	26	18.7 
235	88.4124	20.8328	41.4 	26	23.1 
236	94.912	19.1465	9.9 	26	7.5 
237	97.6967	20.6271	17.6 	26	14.0 
238	97.6179	20.4739	14.9 	26	13.1 
239	101.2128	18.8137	22.8 	26	15.0 
240	109.8377	25.4697	28.0 	26	18.0 
241	132.9649	32.728	31.0 	26	17.9 
242	136.9422	30.1969	5.3 	26	5.9 
243	136.9712	35.2042	16.6 	26	12.6 
244	135.5619	35.6461	26.6 	26	18.4 
245	134.6937	37.1685	22.9 	26	15.2 
246	130.127	52.456	36.5 	26	18.8 
247	126.243	51.1081	17.0 	26	19.2 
248	128.2468	48.977	33.4 	26	21.5 
249	123.2064	46.2387	25.4 	26	17.3 
250	103.8418	29.3714	24.5 	26	21.1 
251	89.2444	37.168	14.6 	26	18.3 
252	75.956	29.4874	16.5 	26	19.3 
253	81.5183	29.0513	31.4 	26	20.6 
254	88.7139	32.4472	42.9 	26	20.4 
255	89.2923	30.448	17.0 	26	14.9 
256	97.8513	28.7249	22.5 	26	16.3 
257	96.5305	22.2188	23.0 	26	18.4 
258	98.9158	23.4197	30.0 	26	19.0 
259	71.2868	35.0701	6.4 	26	7.0 
260	73.3874	36.3072	24.9 	26	21.8 
261	74.0249	51.4441	26.1 	26	19.9 
262	73.7786	57.9635	13.7 	26	11.6 
263	76.7796	65.3009	22.3 	26	18.5 
264	84.9463	62.2614	27.9 	26	18.3 
265	89.4699	68.2716	25.9 	26	19.6 
266	94.5782	67.5658	23.6 	26	17.3 
267	96.5458	51.5121	5.3 	26	6.8 
268	98.1286	43.8238	38.0 	26	21.0 
269	102.4144	55.625	24.5 	26	18.7 
270	101.956	56.5812	30.0 	26	19.9 
271	98.1978	61.0614	13.0 	26	13.1 
272	98.5487	64.4746	25.6 	26	21.0 
273	101.5257	63.3206	17.4 	26	14.5 
274	110.4937	63.7351	39.6 	26	21.3 
275	113.9402	64.9435	16.6 	26	13.9 
276	112.0124	49.2831	38.4 	26	21.3 
277	116.0029	51.7478	7.8 	26	5.8 
278	119.0657	62.0745	22.0 	26	19.9 
279	123.5333	62.6844	36.9 	26	21.6 
280	122.2672	60.6987	7.0 	26	4.2 
281	125.5958	62.3883	70.5 	26	21.1 
282	138.9483	67.6093	35.1 	26	18.8 
283	88.1171	11.7235	7.8 	27	9.6 
284	81.6219	52.4479	14.8 	27	10.7 
285	101.9293	53.912	8.8 	27	9.6 
286	132.0229	11.7604	5.5 	28	9.2 
287	110.0581	7.8426	6.5 	28	4.1 
288	110.0111	7.8	5.4 	28	6.8 
289	109.817	6.8069	5.3 	28	6.4 
290	104.2333	0.0423	9.3 	29	9.3 
291	100.6923	6.8023	7.0 	29	7.5 
292	90.6537	44.9746	34.9 	29	19.9 
293	80.3439	22.8346	39.9 	30	22.7 
294	125.5024	3.1687	14.9 	30	13.5 
295	122.2779	6.7773	8.5 	30	11.3 
296	139.5834	2.0389	30.6 	30	21.1 
297	139.6642	2.2779	21.0 	30	15.2 
298	113.5656	15.673	29.0 	30	18.4 
299	113.3474	18.0016	31.1 	30	19.6 
300	91.587	14.2587	29.4 	30	15.7 
301	100.82	19.6793	17.1 	30	13.8 
302	103.74	22.7651	16.3 	30	13.2 
303	108.5866	25.8584	19.4 	30	15.0 
304	113.8545	29.0783	28.5 	30	19.1 
305	116.941	28.777	22.8 	30	17.3 
306	136.3715	42.4974	32.8 	30	17.7 
307	133.1537	54.6694	23.5 	30	16.9 
308	114.9108	37.0129	28.0 	30	19.7 
309	115.776	39.1197	28.1 	30	15.6 
310	110.3134	33.3564	15.2 	30	11.8 
311	103.6222	32.4912	16.3 	30	16.8 
312	91.6239	37.9019	43.5 	30	19.4 
313	88.1641	35.7723	33.6 	30	20.5 
314	86.3866	36.8126	18.1 	30	18.5 
315	87.5025	33.5633	35.2 	30	19.0 
316	94.2586	28.7031	17.9 	30	9.1 
317	72.9378	41.7325	22.5 	30	18.9 
318	76.5167	41.4188	16.5 	30	16.3 
319	73.9285	59.1598	33.9 	30	19.5 
320	76.3825	64.6056	27.1 	30	17.2 
321	80.4323	67.7361	19.4 	30	14.9 
322	86.7916	62.7287	23.0 	30	18.4 
323	89.7293	69.3194	32.2 	30	20.0 
324	100.7672	65.2205	32.8 	30	18.9 
325	123.1398	51.499	32.0 	30	16.6 
326	127.7282	60.5661	25.7 	30	14.3 
327	129.5456	59.757	16.5 	30	9.5 
328	138.0394	50.4641	28.0 	30	15.5 
329	113.1146	3.2683	5.7 	31	5.5 
330	123.0468	8.7522	26.7 	31	19.8 
331	122.4785	24.674	11.8 	31	10.4 
332	118.2748	12.7426	12.9 	31	10.7 
333	106.9307	11.3113	25.8 	31	18.0 
334	113.7255	30.2309	8.5 	31	10.9 
335	117.7996	43.1321	6.2 	31	8.9 
336	111.8862	52.6385	13.0 	31	11.5 
337	70.3733	16.1386	5.8 	32	7.0 
338	86.5085	13.3326	9.2 	32	11.2 
339	84.2792	15.6694	16.9 	32	14.8 
340	87.6962	17.4351	6.2 	32	8.2 
341	81.2913	18.7319	8.0 	32	11.6 
342	117.2873	0.855	9.7 	32	9.4 
343	116.7205	4.156	5.0 	32	6.9 
344	123.6469	8.9642	29.2 	32	19.3 
345	138.6799	5.7218	25.0 	32	18.6 
346	138.3294	6.1632	9.0 	32	9.3 
347	138.6509	6.2247	10.2 	32	11.0 
348	138.0184	6.4896	5.7 	32	7.4 
349	124.1431	18.9117	26.1 	32	12.9 
350	123.0687	18.4425	7.9 	32	10.0 
351	122.9875	18.9836	21.3 	32	12.5 
352	122.8325	19.1258	22.0 	32	14.7 
353	114.5397	7.9875	8.5 	32	7.8 
354	114.1153	9.3266	6.1 	32	6.1 
355	113.5478	8.0725	32.2 	32	19.9 
356	113.1648	8.4534	21.1 	32	16.4 
357	95.7392	6.3397	18.0 	32	16.0 
358	92.373	8.7761	16.8 	32	13.2 
359	87.9416	9.8366	6.2 	32	8.5 
360	89.0707	11.0321	7.8 	32	10.5 
361	95.1267	11.2436	5.0 	32	6.8 
362	91.6409	19.1218	6.4 	32	8.0 
363	91.6707	19.0802	5.5 	32	6.9 
364	86.0509	22.2426	6.3 	32	6.1 
365	88.5321	23.3434	11.0 	32	11.5 
366	92.0301	24.2084	5.7 	32	5.8 
367	91.9751	24.3402	5.0 	32	6.7 
368	112.3552	26.4344	5.0 	32	7.6 
369	112.1676	24.1742	7.0 	32	7.6 
370	113.6788	25.1934	5.9 	32	7.6 
371	124.7336	33.5675	27.1 	32	16.0 
372	124.9201	33.4477	19.6 	32	14.6 
373	125.0599	33.1963	26.0 	32	13.7 
374	126.3821	33.1215	6.0 	32	8.4 
375	130.568	51.4078	22.2 	32	14.2 
376	130.9357	51.6615	5.7 	32	8.4 
377	129.3835	52.3326	16.9 	32	15.8 
378	129.0567	42.7329	9.2 	32	11.1 
379	128.6884	42.5656	15.2 	32	18.1 
380	128.9021	42.287	30.2 	32	18.1 
381	129.0729	42.1564	13.6 	32	13.6 
382	129.1768	42.1231	7.4 	32	7.0 
383	125.8581	37.2946	8.7 	32	11.4 
384	122.0184	37.5655	19.8 	32	15.7 
385	114.3874	38.269	7.7 	32	10.4 
386	115.4284	39.3761	16.0 	32	14.7 
387	114.6146	45.3992	16.5 	32	15.1 
388	84.5479	34.3887	13.4 	32	13.9 
389	92.2227	34.0922	15.6 	32	12.4 
390	94.3466	27.9037	6.5 	32	9.0 
391	94.5354	30.1225	7.7 	32	9.6 
392	70.8503	42.0627	5.0 	32	5.6 
393	77.2056	54.1865	5.7 	32	7.2 
394	76.8452	54.539	9.1 	32	10.4 
395	76.7934	54.5223	18.3 	32	15.6 
396	76.671	54.9272	19.9 	32	14.8 
397	77.036	55.2976	6.6 	32	8.9 
398	82.1452	58.7449	27.2 	32	12.8 
399	95.8255	45.3229	5.7 	32	6.7 
400	95.8421	45.3376	8.3 	32	8.4 
401	104.0655	44.4971	12.9 	32	9.6 
402	112.3885	47.8537	8.3 	32	10.1 
403	111.1188	54.1324	28.8 	32	17.0 
404	111.2164	53.8937	23.4 	32	15.6 
405	109.0819	54.777	19.5 	32	17.6 
406	118.2683	51.3473	19.0 	32	14.5 
407	120.5373	50.0112	23.7 	32	17.6 
408	108.4604	29.4294	5.5 	33	6.6 
409	108.6735	28.1515	25.9 	33	18.4 
410	106.4341	57.7185	16.1 	33	15.0 
411	106.4302	57.719	8.6 	33	11.5 
412	106.219	48.2962	11.8 	34	17.0 
413	72.7847	69.9811	26.8 	35	14.7 
