Number	x	y	dbh	species	height
26	59.7827	7.3896	12.1	1	10.6
100	23.4911	16.6055	16	1	12.7
180	37.3068 	16.5428 	5.5	1	6.2
181	37.3073 	16.4324 	9.9	1	11.1
237	41.3301	25.6617	6	1	8.1
335	35.2851	37.1837	7.8	1	8.4
339	38.3088	39.7798	10.9	1	10.9
416	20.7898	36.4177	10.2	1	9.8
472	5.919	48.8445	20.5	1	9.8
484	2.1678	45.7099	8.1	1	10.5
368	61.1245	44.8785	33.3	2	14.6
19	56.9236	1.7124	5.8	3	4.7
21	60.1047 	2.9854 	22.7	4	13.2
37	57.3247 	19.1626 	23.3	4	12.4
38	56.8653 	18.9551 	5.7	4	9.6
64	26.9276 	5.4653 	20.3	4	11.6
65	27.6602	3.3623	17	4	11.4
76	20.4706	4.2164	13.5	4	12.3
77	20.2401	4.4335	5.7	4	6.7
84	21.9132	10.2559	10.2	4	11.6
114	17.2704	5.6775	18.1	4	12.3
400	23.4337	46.5529	24.7	5	12.7
6	39.2736	5.4577	19.5	6	12.7
53	41.8412 	10.7199 	11.7	6	12.6
60	35.8248	9.5148	22.5	6	12.6
61	34.685	8.514	19.4	6	12.9
62	30.1194	8.3899	20	6	12.9
86	27.7865	14.1513	24.2	6	12.7
112	17.2985	10.2511	13.2	6	11.3
113	17.2092	10.113	12.7	6	11.2
160	19.6253 	26.8550 	10.3	6	10.7
161	19.7612 	26.8946 	16	6	10.7
198	44.7955 	18.1979 	18.3	6	10.6
292	54.4611	40.1853	19.9	6	12.4
367	60.5494	43.7825	7.8	6	8.9
382	32.5204	47.0255	7	6	9.8
387	32.0195	43.2157	12.7	6	12.7
404	28.0311	49.6727	22.7	6	12.5
405	21.9655	48.1756	6.5	6	7.8
427	17.3946	32.861	12.2	6	10.9
31	59.8123	9.9239	23.2	7	12.4
35	60.6099	13.5507	9.9	8	12.7
175	35.4217 	21.5114 	6.1	9	7.7
304	38.5881	38.0526	11.9	9	10.2
58	39.7596	7.9213	16.9	10	12.7
87	30.3241	12.6106	13.8	10	12.2
144	8.8809 	17.3916 	19.1	10	13.2
234	45.0525	27.8663	8.5	10	10.9
248	34.291	31.7481	14.3	10	12.3
129	4.2332	9.6106	17.5	11	13.2
192	42.1729 	17.4193 	18.9	11	12.1
228	54.1856	29.5356	25	11	12.3
18	57.8008	4.7578	28.8	12	14.7
91	27.8569	18.4309	13.8	12	10.7
93	26.4423	18.3973	24.8	12	14.5
97	25.1769	15.6444	21.3	12	14.8
137	13.6204	11.611	23.6	12	13.6
139	9.937	13.8818	21.2	12	12.8
149	18.3316 	19.8405 	18.8	12	11.1
159	17.4453 	25.6013 	11.3	12	10.4
269	52.2933	33.5274	6.8	12	5.6
327	26.1896	40.6268	19.3	12	14.1
396	22.1279	41.6341	20.2	12	13.4
397	23.5788	44.6218	12.8	12	11.7
398	24.2448	44.4762	8	12	6.4
402	28.4277	48.0958	7.1	12	8.7
475	6.2722	47.8947	5.7	12	5.6
12	50.0829	6.6795	13.1	13	11.2
48	45.5858 	13.9699 	9	14	9.8
49	45.492	13.568	10.6	14	10.6
50	45.4982	13.4824	6.2	14	10.8
16	55.2216 	12.2229 	19.9	15	12.2
23	62.4184 	4.0368 	8.5	15	10.7
205	51.9584 	24.0142 	12.5	15	11.3
206	51.9652 	23.9376 	6.5	15	11.3
207	52.0003 	23.8727 	13.5	15	11.3
208	52.1127 	24.0028 	17	15	11.3
209	52.6302 	23.6568 	8.7	15	10.9
2	35.4995	1.7125	14.7	16	11.2
8	44.4746 	4.9969 	16.3	16	10.7
11	48.1847	0.3904	16.9	16	11.8
28	57.7997	6.7468	14.5	16	11.1
29	57.9345	6.4366	17.2	16	11.3
34	60.3106 	12.5219 	16.8	16	11.7
40	55.3277 	13.7406 	20.2	16	11.8
41	55.2215	13.5852	5.9	16	9.9
47	42.5849 	12.4338 	10.6	16	11.7
52	41.9740 	12.5871 	10.1	16	11.6
54	44.6069 	8.1354 	5.2	16	7.2
55	44.4816 	7.9433 	15.2	16	10.9
56	44.5702	7.7671	10	16	9.8
63	27.2638	7.153	11.3	16	11.4
66	27.8353	3.3764	8.6	16	10.7
98	24.7317	16.2727	14.5	16	10.2
99	24.8495	16.4892	5.1	16	10.2
120	3.7391	1.6141	9.3	16	10.6
121	3.2349	2.0232	8.5	16	11
128	8.2157	5.0642	7.5	16	10.8
191	44.0723 	16.2595 	17.7	16	11.4
210	58.9307 	23.2580 	20.7	16	12.1
211	59.2774 	23.2138 	6.8	16	7
212	59.2892 	23.3200 	8.5	16	11.2
226	56.3004 	29.3253 	14.1	16	11.7
227	56.1202	29.5273	6.1	16	7.2
249	33.7241	30.1519	13.5	16	11.4
253	41.9189	28.3841	6.8	16	6.7
254	41.6698	28.9331	5.2	16	8.4
297	47.6468	41.3714	11	16	10.2
318	22.2321	32.9539	7.8	16	7.8
319	22.1239	32.9485	8.2	16	8.1
373	55.8511	48.8885	13.5	16	10.6
374	55.7078	48.761	4.9	16	9.1
446	3.0627	14.1198	10	16	9.7
447	3.1892	14.3358	5.9	16	7.1
88	27.0852	15.7649	17.1	17	12.2
96	26.3471	16.6242	14.5	17	11.8
179	35.2784 	20.6300 	8.4	17	11.6
216	60.5503 	23.0350 	13	17	12.6
111	19.828	12.2026	4.8	18	10.2
194	40.4414 	18.3883 	6.1	18	8.7
340	36.2817	41.1822	17	18	10.6
45	47.6767 	12.1142 	19.3	19	12.3
371	56.6752	49.6962	12.1	19	10.6
9	46.0236	2.3708	30.2	20	13.8
20	55.0825	1.0338	53.2	20	14.9
22	60.5626 	3.6426 	25.9	20	12.7
57	41.1858	8.5535	36	20	13.8
68	25.5685 	1.8282 	25.3	20	14.7
78	21.1658	4.9971	17.5	20	12.8
79	22.434	5.7826	21.9	20	13.6
80	20.6688	7.3933	19.9	20	12.7
81	20.0538	7.4005	30.6	20	14.6
83	23.0839	9.8927	19.4	20	14.8
92	27.2533	19.9338	19.5	20	13.7
101	21.9559	18.864	31.3	20	14.2
104	19.6414	16.1926	11.1	20	11.8
108	15.9355	15.3371	28.9	20	14.4
109	17.1442	14.3361	13	20	11.6
110	17.3991	14.1308	15.5	20	12.1
117	10.9243	3.8219	21.5	20	12.8
122	3.4222	5.4739	29.3	20	15.3
123	3.8347	5.3941	22.6	20	15.4
131	8.6499 	7.3926 	19.5	20	13.7
132	9.785	7.1136	24.5	20	13.8
133	11.8	8.3769	12	20	10.6
138	15.2107	9.7366	9.5	20	12.3
140	8.3339	14.2877	25.2	20	13.2
141	7.6691	14.5768	16.3	20	12.6
142	7.9776	16.4448	28.2	20	13.9
143	8.1639	16.5844	24.5	20	12.9
145	11.6299	17.3061	18.1	20	13.6
146	13.2651 	17.3740 	22.9	20	13.4
150	18.0894 	20.7143 	21.6	20	13.7
151	15.4605 	22.0950 	27.7	20	12.9
154	17.6819 	22.9850 	27.6	20	13.8
155	15.3900 	25.9048 	24.8	20	14.2
156	15.6512 	26.0169 	12.8	20	10.4
157	14.0494 	28.5616 	23.3	20	14.4
162	22.3535 	27.0038 	10.9	20	12.5
167	29.4466 	24.0705 	19.5	20	13.6
168	32.6345 	24.5343 	25.7	20	14.1
174	35.1704 	21.6446 	22.7	20	14.3
177	36.8658 	21.4630 	21.9	20	14.4
182	36.6583 	16.1119 	23.1	20	13.1
187	42.3263 	14.7771 	13.4	20	12.4
197	42.1261 	21.6237 	18.9	20	14.1
200	42.7559	23.8185	16.5	20	12.4
201	43.7641	22.4826	15.4	20	11.7
238	40.0369	24.9905	24.8	20	14.6
244	39.6391	30.7964	27.4	20	13.8
245	39.5707	31.1873	33.2	20	14.2
247	35.5253	32.2235	16.4	20	13.6
255	44.422	29.7172	25.5	20	13.7
256	42.3327	30.0424	27.2	20	14.7
257	41.8893	30.2562	12.7	20	10.7
263	45.9808	34.1673	12.3	20	11.7
293	53.5789	39.9551	6.6	20	8
303	40.8892	38.8683	36	20	14.6
307	37.4679	35.649	14.6	20	12.3
309	34.1631	33.4609	29.2	20	14.2
311	27.4509	31.0649	4.2	20	12.6
312	26.0165	30.7319	27.8	20	13
313	24.4284	30.5745	27.2	20	13.2
321	28.487	35.5875	19.9	20	14.1
322	29.9608	36.3195	13.6	20	12.7
324	27.8809	36.6958	17.5	20	9.7
326	26.4927	39.3244	32.8	20	13.6
333	33.1047	35.0825	13.9	20	10.7
337	35.9603	38.096	21.5	20	12.7
341	39.5708	42.7517	16.7	20	13.7
342	39.6434	46.4335	21.7	20	14.2
345	36.9949	44.5873	12.2	20	10.7
346	39.8832	47.5624	23.2	20	14.4
349	39.2659	48.7681	32.5	20	13.6
352	47.7298	46.1041	15.7	20	13.2
353	48.1499	46.107	16.5	20	12.8
354	49.6595	48.1039	26.7	20	14.2
355	49.9166	48.4348	14.2	20	13.2
356	50.8685	46.8896	22.9	20	12.9
362	55.2067	43.7584	9.2	20	9.7
365	59.484	40.2364	28.1	20	12.4
372	55.2953	49.9726	25.8	20	14.7
378	34.4439	48.2201	11	20	10.4
380	32.0519	47.5602	20.2	20	12.6
381	31.8178	47.2931	18	20	12.7
383	31.6049	44.761	21	20	13.6
384	31.4001	44.706	11.7	20	13.6
385	32.1198	44.0861	18.2	20	12.6
386	32.6411	43.8337	32.5	20	13.2
395	21.8094	40.2095	10.3	20	8.1
399	25.3582	45.0065	20.7	20	11.7
401	21.3197	46.5496	25.2	20	10.7
410	19.4056	44.6624	18.7	20	12.4
411	19.56	44.7912	14.2	20	11.7
413	18.8926	37.9532	31.5	20	13.2
414	18.1396	36.7676	30.5	20	13.2
415	17.8751	37.1834	20.3	20	13.3
421	16.4149	36.322	18.2	20	12.3
424	14.5297	36.1254	12.3	20	11.6
425	14.4922	35.3182	23	20	13.6
426	14.5513	34.7092	21.8	20	12.7
430	15.5741	31.3065	13.5	20	10.7
431	15.6492	31.0645	16.4	20	12.8
432	16.1479	29.7328	26.5	20	13.1
440	10.2822	25.9131	14.2	20	10.7
441	10.1355	21.7413	24.8	20	13.7
442	10.7152	21.5284	23.8	20	13.6
443	8.198	20.8299	15	20	12.6
444	6.3754	19.1954	36.7	20	14.1
445	3.6231	17.1797	16.9	20	13.3
452	5.4598	33.0875	28	20	14.1
456	3.4263	35.7825	30.2	20	13.3
457	3.176	36.0377	15	20	9.8
460	7.3894	36.3682	27.7	20	13.6
466	10.6488	44.7554	24.3	20	12.1
467	10.0244	44.5914	19	20	17.2
470	11.6201	46.9953	23.4	20	13.2
471	11.3334	47.4401	10.5	20	10.2
473	5.6226	48.1766	20.2	20	11.1
474	5.7597	47.8311	16.5	20	11.8
477	2.8077	41.3172	25	20	11.7
478	2.4312	41.8479	10	20	9.8
479	2.09	43.335	23.5	20	12.7
480	2.6911	43.6709	9.3	20	8.6
481	3.7088	45.9862	24.3	20	13.2
482	3.8912	46.5175	13	20	11.1
14	52.3216	11.9498	16.9	21	12.7
51	43.8775 	12.7126 	10.6	21	11.4
82	23.8522	9.6906	5.4	21	7.4
148	15.4288 	18.7420 	8.5	21	10.8
165	24.7994 	24.4749 	9.2	21	10.7
323	30.1396	37.7803	7.6	21	9.2
350	37.8286	48.6919	8.6	21	10.2
423	14.3836	41.8245	15.1	21	11.8
438	10.6812	30.2717	5.8	21	4.5
439	10.538	30.4781	4.9	21	4.5
448	6.1006	25.9023	6.4	21	8.3
450	8.8082	29.4068	8.5	21	10.2
451	8.8858	29.3763	9.5	21	10.6
453	4.1384	32.6209	5.6	21	8.3
454	3.1875	31.911	6	21	8.5
458	6.0552	36.0663	5.8	21	9.8
459	6.0787	36.167	5.2	21	9.7
17	53.0428	5.9389	15.8	22	11.6
27	58.7278	7.5101	16.5	22	12.7
89	30.0281	18.9958	5.6	22	8.2
119	8.1184	0.4097	11.1	22	10.6
183	35.2204 	14.4789 	15.4	22	11.1
186	40.7150 	15.1344 	19.6	22	11.7
265	54.1911	36.1725	16	22	9.2
314	24.0458	29.5387	8.6	22	9.7
336	34.5641	37.3694	8.4	22	10.7
351	46.6408	49.0694	14	22	12.3
476	6.7372	48.0789	7	22	8.1
13	49.4577	9.164	6.4	23	10.6
176	35.6084 	21.6075 	11.5	23	10.4
239	38.9418	24.1864	7.6	23	9.2
250	35.6888	29.6371	5.9	23	6.4
258	41.9702	31.5817	8.5	23	10.7
308	37.4489	34.7628	6.3	23	8.4
310	31.8456	33.2133	7.3	23	8.7
325	26.667	37.0543	15.5	23	12.3
422	17.1202	39.2795	5.8	23	7.2
7	41.2250 	6.4893 	6.5	24	7.6
24	60.4364 	6.3503 	5.8	24	9.6
25	60.3918 	6.4731 	5.2	24	9.6
90	28.444	19.702	7.3	24	6.2
107	15.4995	16.3304	6.8	24	9.8
116	11.8182	5.6129	12.8	24	10.7
118	12.0122	1.6065	8.2	24	10.5
166	29.5620 	23.6249 	7.3	24	8.7
229	54.2264	29.8299	6.2	24	12.2
235	43.3484	26.0943	11.6	24	10.4
236	42.3695	26.3433	8	24	10.6
240	39.1102	27.4518	10.1	24	11.6
241	39.4484	29.0236	7.2	24	9.2
246	38.0955	31.9313	10.2	24	10.7
279	61.4084	34.5198	6	24	10.6
294	52.7611	40.45	11.4	24	10.4
320	24.675	34.1631	14.6	24	12.1
328	26.2159	41.2691	6.6	24	9.3
331	31.3414	42.0549	5.3	24	7.2
332	32.7161	36.5709	6.7	24	10.3
334	34.317	36.0159	8.4	24	10.5
338	36.9014	39.1142	7.8	24	10.4
366	60.8904	41.6144	5.4	24	4.8
376	54.0658	47.2968	16.7	24	11.2
379	32.6002	48.5823	13.6	24	10.2
388	32.3034	42.778	10.6	24	8.4
390	30.5327	46.9273	7.1	24	9.6
393	26.0474	42.6717	7.9	24	8.7
394	23.3645	41.073	10.3	24	9.3
403	27.5733	49.4723	11	24	12.3
407	16.469	46.352	11.5	24	10.6
408	16.3256	46.2126	9	24	10.4
409	13.6911	45.6287	6.4	24	7.2
419	16.9503	35.2973	7.5	24	9.6
420	16.9416	35.2532	10.7	24	7.7
429	12.3701	34.8033	8.5	24	10.4
463	8.4537	40.8036	19.9	24	10.5
464	10.6749	43.2582	10.6	24	9.7
465	10.2587	43.0415	10.8	24	10.3
483	2.4667	45.854	12.7	24	13
1	32.2871	1.5495	13.1	25	11.4
3	37.2465	4.2676	7.1	25	4.7
4	34.6631	2.8552	8.8	25	11.3
5	34.4427 	2.6934 	6	25	6.2
10	44.9003	0.695	8.4	25	10.9
30	59.67	9.2706	14	25	11.8
32	58.8539 	9.0851 	11.2	25	11.5
33	59.0020 	9.2501 	5.1	25	10.7
36	59.6008 	15.1996 	16.9	25	11.8
42	48.7604	13.6785	10.2	25	10.7
43	48.4763 	13.9294 	9.8	25	10.7
44	48.5908	13.4488	8.8	25	11.1
67	30.4848	1.6358	5.6	25	5.8
72	20.6899	1.7978	10.5	25	10.9
73	20.4386	2.4762	6.6	25	8.4
74	21.5175	3.0715	10.4	25	11.2
75	20.9872	3.5012	7.5	25	10.6
85	25.3744	13.2043	8.1	25	10.7
94	26.9667	17.9379	15.5	25	10.4
95	26.8836	17.7943	8.6	25	10.7
124	7.1389	6.4959	10.1	25	10.7
125	7.1777	6.1864	5.9	25	10.5
126	7.3541	6.0377	9.3	25	10.8
127	7.5681	6.2512	9.1	25	11.1
163	24.8044 	27.2610 	5.7	25	7.8
164	24.9403 	27.5185 	17.4	25	10.9
169	34.3400 	26.7752 	13.7	25	10.2
170	34.5376 	26.7433 	14	25	11.3
171	34.9270 	24.8468 	13	25	11.1
172	34.8174 	24.6741 	10.1	25	11.3
173	36.6700 	22.9846 	14.2	25	11.3
188	43.9975 	15.1958 	14.5	25	12.1
190	43.9001 	15.5334 	11.6	25	10.8
213	58.5681 	26.4668 	14.5	25	7.2
214	58.3907 	26.5224 	6	25	11.4
215	56.8464 	26.8175 	13.2	25	11.8
217	61.0064 	20.1828 	5.7	25	8.2
218	61.1322 	20.1216 	5	25	9.6
219	61.2249 	20.3970 	20	25	11.9
220	61.5400 	20.2954 	8	25	11.6
221	61.5588 	20.2837 	6.6	25	11.3
222	61.4856 	20.0992 	7.5	25	11.4
223	61.3503 	19.9758 	4.7	25	10.7
224	58.3006 	28.5506 	11.4	25	11.6
225	56.8663 	29.6395 	15.4	25	11.4
230	52.5842	30.6474	4.9	25	6.2
231	52.3388	30.7099	11.2	25	10.6
232	49.653	32.5098	14.3	25	11.6
233	49.433	32.6004	11.2	25	9.2
242	37.9522	29.5462	12.9	25	11.5
243	38.0471	29.6892	11.9	25	11.6
251	41.1947	27.9044	10.7	25	10.1
252	41.2922	28.1361	17.3	25	10.9
259	43.3433	32.9327	7.6	25	10.6
260	43.5756	32.9932	6.8	25	9.7
261	43.6398	33.1544	14.4	25	10.6
262	43.6412	34.7522	7.6	25	10.6
264	50.9526	37.4103	6.4	25	10.4
266	54.9736	35.1866	15.8	25	10.3
267	54.9903	33.6647	10.5	25	10.7
268	54.8716	33.6082	8.3	25	10.7
270	55.1871	31.6108	4.9	25	10.2
271	57.3576	31.993	10.5	25	10.5
272	58.4095	30.9139	7.4	25	10.6
273	59.8581	30.337	11	25	11
274	61.991	29.726	8.7	25	10.9
275	61.088	32.666	11.3	25	11.1
276	61.0311	32.6815	5.5	25	8.9
277	60.8499	32.6908	5.8	25	10.9
278	60.7523	32.903	5	25	10.4
280	60.0744	37.5606	8.5	25	10.6
281	59.2548	38.1424	10.2	25	10.7
282	59.0417	37.462	10	25	10.7
283	59.2114	37.3438	5.2	25	10.5
284	59.0589	37.3317	7.8	25	10.4
285	58.8936	37.2545	6.1	25	10.8
286	58.8264	37.4953	16.3	25	10.7
287	58.032	36.7648	11.3	25	11.2
289	56.8539	38.6672	6.3	25	8.6
290	56.6781	38.4246	8.1	25	10.7
291	56.3362	38.5927	5.3	25	9.2
298	44.0971	40.4641	17.2	25	10.8
299	43.8702	40.4458	11.1	25	10.7
300	43.703	39.9865	11.7	25	10.6
302	44.2343	39.9932	5	25	8.4
305	38.8831	37.4258	5.4	25	8.2
306	39.0962	37.232	15.3	25	10.6
315	25.3292	32.5055	5	25	7.6
316	25.3335	32.5282	5.1	25	8.1
317	25.1141	32.6849	14.8	25	10.4
343	42.6271	45.4735	15.7	25	10.7
347	41.3906	47.6803	10.5	25	10.7
348	41.5119	48.0165	12.7	25	10.5
357	51.4346	46.189	8.7	25	10.4
358	51.3918	46.1744	5.5	25	7.7
359	51.5781	45.9652	5.9	25	9.1
360	51.6778	45.9002	15.9	25	10.9
361	51.8161	45.7559	15	25	10.9
363	57.0751	42.4377	14.3	25	11.3
364	57.2621	42.2743	10.4	25	9.7
433	17.2369	29.4054	5.4	25	8.9
434	17.4139	29.5601	10.4	25	10.3
435	17.6028	29.6768	5.1	25	7.2
436	17.6409	29.3271	5	25	8.4
455	2.4486	30.1585	18.4	25	10.8
461	8.6429	36.8097	14.2	25	10.3
462	8.9445	36.6442	6.7	25	8.9
344	42.7151	45.6944	14.5	25	10.8
69	23.6440 	2.2376 	12.3	26	12.3
103	18.1567	18.4427	8.3	26	10.6
152	14.9130 	22.1577 	8.9	26	11.4
158	16.7148 	26.6208 	10.7	26	11.4
193	40.6974 	17.0260 	15.7	26	12.8
195	41.3371 	18.8075 	11.5	26	11.3
288	57.3342	37.1897	18.8	26	12.4
369	59.7547	44.9536	13.5	26	12.1
370	58.0193	46.7025	11.5	26	10.2
375	55.1931	47.6333	15	26	10.7
377	52.118	49.3152	9.5	26	10.7
391	28.2076	45.08	8.5	26	10.2
406	16.6803	46.5649	14.6	26	11.7
412	20.2262	44.2095	10.4	26	11.6
418	19.2098	34.5665	20.5	26	11.6
449	5.2028	30.1346	7.2	26	8.1
468	10.5537	46.0752	12	26	10.9
469	10.4796	46.0148	5.7	26	6.7
15	54.8136 	11.8655 	12.8	27	11.2
39	55.6199 	18.2693 	21	27	12.7
59	38.0632 	8.6597 	14.1	27	12.3
178	35.6099 	20.3585 	10.6	27	11.3
189	44.5499 	15.6574 	16.9	27	12.7
199	46.4955	20.6877	17.8	27	12.6
204	51.5939 	22.6207 	12.2	27	9.2
295	49.073	42.5454	5.5	27	8.6
296	48.0211	42.4828	9	27	10.4
46	45.9105 	12.9490 	8.1	28	12.2
153	15.1458 	22.7980 	6	28	7.4
389	30.3372	46.4799	5.7	28	7.6
392	26.7855	44.6744	6.8	28	10.5
417	18.0823	36.0228	11.3	28	12.1
428	18.6695	31.8378	12.8	28	12.3
437	16.8087	27.939	4.8	28	10.7
136	8.179	11.9914	6.7	29	10.2
70	24.8045 	3.7828 	9.1	30	10.7
71	22.5873 	2.3434 	7.9	30	11.3
102	19.4525	19.0143	5.8	30	7.3
105	18.9647	16.1631	17.1	30	12.7
106	18.6149	16.3894	6.7	30	9.8
115	12.1082	4.8753	17.3	30	12.5
130	5.9042 	8.9025 	10.8	30	11.3
134	11.6335	8.4473	12.7	30	10.6
135	10.497	6.8919	29.6	30	13.8
147	13.9891	14.3594	15.2	30	11.4
184	37.7914 	15.2508 	21.9	30	12.7
185	37.7363 	15.5400 	8.9	30	10.2
196	40.7928 	20.5210 	22.9	30	12.7
202	44.5556	23.0442	9	30	8.4
203	44.4737 	23.1170 	25.9	30	12.7
329	29.8302	41.0789	6.5	30	10.4
330	30.5888	41.4404	22.6	30	12.4
